12 1A 00 31 00 C0 FF 03 00 00 20 00 00 00 00 00 00 00 00 00 00 00 00 10 00 FF 06 DA EE 2D 12
12 22 00 E4 00 C0 01 03 01 07 10 13 02 10 02 81 02 10 01 02 02 10 15 81 02 10 14 81 16 82 00 00 01 00 68 CC 78 60 12
12 1A 00 31 01 C0 FF 03 00 00 20 00 00 00 00 00 00 00 00 00 00 00 00 10 00 FF 21 BF CB AC 12
12 1A 00 31 01 C0 FF 03 00 00 20 00 00 00 00 00 00 00 00 00 00 00 00 10 00 FF 21 BF CB AC 12
12 22 00 E4 01 C0 01 03 01 07 10 13 02 10 02 81 02 10 01 02 02 10 15 81 02 10 14 81 16 82 00 00 01 00 C2 C9 A2 91 12
12 1A 00 31 01 C0 FF 03 00 00 20 00 00 00 00 00 00 00 00 00 00 00 00 10 00 FF 21 BF CB AC 12
12 21 00 53 01 C0 01 02 01 02 10 00 81 02 10 01 21 02 10 0D 25 02 10 02 22 02 10 05 81 02 10 06 81 FF D4 51 86 12
12 38 00 C1 01 C0 02 01 01 01 10 00 12 10 00 19 00 C0 01 02 03 02 00 03 25 02 10 18 05 00 10 10 81 60 CC C6 72 02 00 01 10 05 81 02 00 67 11 01 10 06 81 01 00 01 82 86 94 61 12
12 22 00 E4 00 C0 01 03 01 07 10 13 02 10 02 81 02 10 01 02 02 10 15 81 02 10 14 81 16 82 00 00 01 00 68 CC 78 60 12
12 30 00 2B 01 C0 03 01 01 08 10 13 01 10 02 81 02 00 07 00 01 10 01 02 04 00 20 DB DE 0A 00 01 10 15 81 02 00 D8 72 01 10 14 81 02 00 76 48 01 00 D4 92 57 C9 12
12 21 00 53 01 C0 01 02 04 02 10 00 81 02 10 01 21 02 10 0D 25 02 10 02 22 02 10 05 81 02 10 06 81 96 DD 33 81 12
12 38 00 C1 01 C0 02 01 04 01 10 00 81 01 00 00 01 10 01 21 01 00 00 01 10 0D 25 02 00 28 26 01 10 02 22 04 00 00 00 00 00 01 10 05 81 02 00 67 11 01 10 06 81 01 00 01 8F 49 F5 42 12
12 13 00 B6 01 C0 01 02 06 06 03 00 16 16 82 00 00 00 00 14 F5 E1 3A 12
12 24 00 4B 01 C0 02 01 06 07 03 16 30 32 34 38 4A 42 2E 30 30 2E 30 33 2E 30 30 32 2E 30 30 30 38 00 01 00 21 AA 7A C0 12
12 16 00 AE 00 C0 01 03 01 07 10 11 00 82 40 42 0F 00 02 10 00 81 C5 6A E2 0B 12
12 1B 00 5C 01 C0 03 01 01 08 10 11 01 82 20 DB DE 0A 00 00 00 01 10 00 81 01 00 00 E8 B3 A5 7C 12
12 21 00 53 01 C0 01 02 07 02 10 00 81 02 10 01 21 02 10 0D 25 02 10 02 22 02 10 05 81 02 10 06 81 B1 DA ED 83 12
12 38 00 C1 01 C0 02 01 07 01 10 00 81 01 00 00 01 10 01 21 01 00 00 01 10 0D 25 02 00 28 26 01 10 02 22 04 00 00 00 00 00 01 10 05 81 02 00 67 11 01 10 06 81 01 00 01 EB 7C 27 04 12
12 16 00 AE 00 C0 01 03 01 07 10 11 00 82 40 42 0F 00 02 10 00 81 C5 6A E2 0B 12
12 1B 00 5C 01 C0 03 01 01 08 10 11 01 82 20 DB DE 0A 00 00 00 01 10 00 81 01 00 00 E8 B3 A5 7C 12
12 21 00 53 01 C0 01 02 09 02 10 00 81 02 10 01 21 02 10 0D 25 02 10 02 22 02 10 05 81 02 10 06 81 17 3C FE 8B 12
12 38 00 C1 01 C0 02 01 09 01 10 00 81 01 00 00 01 10 01 21 01 00 00 01 10 0D 25 02 00 28 26 01 10 02 22 04 00 00 00 00 00 01 10 05 81 02 00 67 11 01 10 06 81 01 00 01 82 76 7D BF 12
12 16 00 AE 00 C0 01 03 01 07 10 11 00 82 40 42 0F 00 02 10 00 81 C5 6A E2 0B 12
12 1B 00 5C 01 C0 03 01 01 08 10 11 01 82 20 DB DE 0A 00 00 00 01 10 00 81 01 00 00 E8 B3 A5 7C 12
12 16 00 AE 00 C0 01 03 01 07 10 11 00 82 40 42 0F 00 02 10 00 81 C5 6A E2 0B 12
12 1B 00 5C 01 C0 03 01 01 08 10 11 01 82 20 DB DE 0A 00 00 00 01 10 00 81 01 00 00 E8 B3 A5 7C 12
12 21 00 53 01 C0 01 02 0B 02 10 00 81 02 10 01 21 02 10 0D 25 02 10 02 22 02 10 05 81 02 10 06 81 2D C6 95 88 12
12 38 00 C1 01 C0 02 01 0B 01 10 00 81 01 00 00 01 10 01 21 01 00 00 01 10 0D 25 02 00 28 26 01 10 02 22 04 00 00 00 00 00 01 10 05 81 02 00 67 11 01 10 06 81 01 00 01 3A AF 1E C4 12
12 15 00 19 01 C0 01 02 0D 02 10 0B 25 02 10 0C 25 02 10 14 81 DB DD 3A 4C 5A 12
12 21 00 53 01 C0 02 01 0D 01 10 0B 25 02 00 A0 0F 01 10 0C 25 02 00 05 0F 01 10 14 81 02 00 76 48 94 AF 7E E6 12
12 16 00 AE 00 C0 01 03 01 07 10 11 00 82 40 42 0F 00 02 10 00 81 C5 6A E2 0B 12
12 1B 00 5C 01 C0 03 01 01 08 10 11 01 82 20 DB DE 0A 00 00 00 01 10 00 81 01 00 00 E8 B3 A5 7C 12
12 21 00 53 01 C0 01 02 13 02 10 00 81 02 10 01 21 02 10 0D 25 02 10 02 22 02 10 05 81 02 10 06 81 15 FF 65 9E 12
12 38 00 C1 01 C0 02 01 13 01 10 00 81 01 00 00 01 10 01 21 01 00 00 01 10 0D 25 02 00 28 26 01 10 02 22 04 00 00 00 00 00 01 10 05 81 02 00 67 11 01 10 06 81 01 00 01 D9 0E 1C 9F 12
12 16 00 AE 00 C0 01 03 01 07 10 11 00 82 40 42 0F 00 02 10 00 81 C5 6A E2 0B 12
12 1B 00 5C 01 C0 03 01 01 08 10 11 01 82 20 DB DE 0A 00 00 00 01 10 00 81 01 00 00 E8 B3 A5 7C 12
12 21 00 53 01 C0 01 02 1A 02 10 00 81 02 10 01 21 02 10 0D 25 02 10 02 22 02 10 05 81 02 10 06 81 E0 EA 7F 92 12
12 38 00 C1 01 C0 02 01 1A 01 10 00 81 01 00 00 01 10 01 21 01 00 00 01 10 0D 25 02 00 28 26 01 10 02 22 04 00 00 00 00 00 01 10 05 81 02 00 67 11 01 10 06 81 01 00 01 A4 82 53 94 12
12 16 00 AE 00 C0 01 03 01 07 10 11 00 82 40 42 0F 00 02 10 00 81 C5 6A E2 0B 12
12 1B 00 5C 01 C0 03 01 01 08 10 11 01 82 20 DB DE 0A 00 00 00 01 10 00 81 01 00 00 E8 B3 A5 7C 12
12 21 00 53 01 C0 01 02 21 02 10 00 81 02 10 01 21 02 10 0D 25 02 10 02 22 02 10 05 81 02 10 06 81 5F 77 EE B0 12
12 38 00 C1 01 C0 02 01 21 01 10 00 81 01 00 00 01 10 01 21 01 00 00 01 10 0D 25 02 00 28 26 01 10 02 22 04 00 00 00 00 00 01 10 05 81 02 00 67 11 01 10 06 81 01 00 01 A7 94 7A 52 12
12 16 00 AE 00 C0 01 03 01 07 10 11 00 82 40 42 0F 00 02 10 00 81 C5 6A E2 0B 12
12 1B 00 5C 01 C0 03 01 01 08 10 11 01 82 20 DB DE 0A 00 00 00 01 10 00 81 01 00 00 E8 B3 A5 7C 12
12 16 00 AE 00 C0 01 03 01 07 10 11 00 82 40 42 0F 00 02 10 00 81 C5 6A E2 0B 12
12 1B 00 5C 01 C0 03 01 01 08 10 11 01 82 20 DB DE 0A 00 00 00 01 10 00 81 01 00 00 E8 B3 A5 7C 12
12 21 00 53 01 C0 01 02 28 02 10 00 81 02 10 01 21 02 10 0D 25 02 10 02 22 02 10 05 81 02 10 06 81 AA 62 F4 BC 12
12 38 00 C1 01 C0 02 01 28 01 10 00 81 01 00 00 01 10 01 21 01 00 00 01 10 0D 25 02 00 28 26 01 10 02 22 04 00 00 00 00 00 01 10 05 81 02 00 67 11 01 10 06 81 01 00 01 DA 18 35 59 12
12 21 00 53 01 C0 01 02 2B 02 10 00 81 02 10 01 21 02 10 0D 25 02 10 02 22 02 10 05 81 02 10 06 81 8D 65 2A BE 12
12 38 00 C1 01 C0 02 01 2B 01 10 00 81 01 00 00 01 10 01 21 01 00 00 01 10 0D 25 02 00 28 26 01 10 02 22 04 00 00 00 00 00 01 10 05 81 02 00 67 11 01 10 06 81 01 00 01 BE 2D E7 1F 12
12 16 00 AE 00 C0 01 03 01 07 10 11 00 82 40 42 0F 00 02 10 00 81 C5 6A E2 0B 12
12 1B 00 5C 01 C0 03 01 01 08 10 11 01 82 20 DB DE 0A 00 00 00 01 10 00 81 01 00 00 E8 B3 A5 7C 12
12 21 00 53 01 C0 01 02 30 02 10 00 81 02 10 01 21 02 10 0D 25 02 10 02 22 02 10 05 81 02 10 06 81 92 5B 04 AA 12
12 38 00 C1 01 C0 02 01 30 01 10 00 81 01 00 00 01 10 01 21 01 00 00 01 10 0D 25 02 00 28 26 01 10 02 22 04 00 00 00 00 00 01 10 05 81 02 00 67 11 01 10 06 81 01 00 01 39 B9 37 02 12
12 16 00 AE 00 C0 01 03 01 07 10 11 00 82 40 42 0F 00 02 10 00 81 C5 6A E2 0B 12
12 1B 00 5C 01 C0 03 01 01 08 10 11 01 82 20 DB DE 0A 00 00 00 01 10 00 81 01 00 00 E8 B3 A5 7C 12
12 21 00 53 01 C0 01 02 37 02 10 00 81 02 10 01 21 02 10 0D 25 02 10 02 22 02 10 05 81 02 10 06 81 C1 A8 0D AE 12
12 38 00 C1 01 C0 02 01 37 01 10 00 81 01 00 00 01 10 01 21 01 00 00 01 10 0D 25 02 00 28 26 01 10 02 22 04 00 00 00 00 00 01 10 05 81 02 00 67 11 01 10 06 81 01 00 01 2D 3F 22 B2 12
12 16 00 AE 00 C0 01 03 01 07 10 11 00 82 40 42 0F 00 02 10 00 81 C5 6A E2 0B 12
12 1B 00 5C 01 C0 03 01 01 08 10 11 01 82 20 DB DE 0A 00 00 00 01 10 00 81 01 00 00 E8 B3 A5 7C 12
12 21 00 53 01 C0 01 02 3E 02 10 00 81 02 10 01 21 02 10 0D 25 02 10 02 22 02 10 05 81 02 10 06 81 34 BD 17 A2 12
12 38 00 C1 01 C0 02 01 3E 01 10 00 81 01 00 00 01 10 01 21 01 00 00 01 10 0D 25 02 00 28 26 01 10 02 22 04 00 00 00 00 00 49 CC 0C 2E 00 80 01 81 01 06 10 11 00 82 00 40 87 00 02 10 00 81 C5 6A E2 0B 12
12 21 00 53 01 C0 01 02 41 02 10 00 81 02 10 01 21 02 10 0D 25 02 10 02 22 02 10 05 81 02 10 06 81 BF 93 2E EB 12
12 38 00 C1 01 C0 02 01 41 01 10 00 81 01 00 00 01 10 01 21 01 00 00 01 10 0D 25 02 00 28 26 01 10 02 22 04 00 00 00 00 00 01 10 05 81 02 00 67 11 01 10 06 81 01 00 01 6A 15 01 E5 12
12 16 00 AE 00 C0 01 03 01 07 10 11 00 82 40 42 0F 00 02 10 00 81 C5 6A E2 0B 12
12 1B 00 5C 01 C0 03 01 01 08 10 11 01 82 20 DB DE 0A 00 00 00 01 10 00 81 01 00 00 E8 B3 A5 7C 12
12 21 00 53 01 C0 01 02 46 02 10 00 81 02 10 01 21 02 10 0D 25 02 10 02 22 02 10 05 81 02 10 06 81 EC 60 27 EF 12
12 38 00 C1 01 C0 02 01 46 01 10 00 81 01 00 00 01 10 01 21 01 00 00 01 10 0D 25 02 00 28 26 01 10 02 22 04 00 00 00 00 00 01 10 05 81 02 00 67 11 01 10 06 81 01 00 01 7E 93 14 55 12
12 16 00 AE 00 C0 01 03 01 07 10 11 00 82 40 42 0F 00 02 10 00 81 C5 6A E2 0B 12
12 1B 00 5C 01 C0 03 01 01 08 10 11 01 82 20 DB DE 0A 00 00 00 01 10 00 81 01 00 00 E8 B3 A5 7C 12
12 21 00 53 01 C0 01 02 4D 02 10 00 81 02 10 01 21 02 10 0D 25 02 10 02 22 02 10 05 81 02 10 06 81 23 8F 56 E0 12
12 38 00 C1 01 C0 02 01 4D 01 10 00 81 01 00 00 01 10 01 21 01 00 00 01 10 0D 25 02 00 28 26 01 10 02 22 04 00 00 00 00 00 01 10 05 81 02 00 67 11 01 10 06 81 01 00 01 BB C6 38 25 12
12 16 00 AE 00 C0 01 03 01 07 10 11 00 82 40 42 0F 00 02 10 00 81 C5 6A E2 0B 12
12 1B 00 5C 01 C0 03 01 01 08 10 11 01 82 20 DB DE 0A 00 00 00 01 10 00 81 01 00 00 E8 B3 A5 7C 12
12 21 00 53 01 C0 01 02 54 02 10 00 81 02 10 01 21 02 10 0D 25 02 10 02 22 02 10 05 81 02 10 06 81 06 4B 13 F7 12
12 38 00 C1 01 C0 02 01 54 01 10 00 81 01 00 00 01 10 01 21 01 00 00 01 10 0D 25 02 00 28 26 01 10 02 22 04 00 00 00 00 00 01 10 05 81 02 00 67 11 01 10 06 81 01 00 01 84 8B 8B 43 12
12 16 00 AE 00 C0 01 03 01 07 10 11 00 82 40 42 0F 00 02 10 00 81 C5 6A E2 0B 12
12 1B 00 5C 01 C0 03 01 01 08 10 11 01 82 20 DB DE 0A 00 00 00 01 10 00 81 01 00 00 E8 B3 A5 7C 12
12 21 00 53 01 C0 01 02 5B 02 10 00 81 02 10 01 21 02 10 0D 25 02 10 02 22 02 10 05 81 02 10 06 81 BD 50 B5 FE 12
12 16 00 AE 00 C0 01 03 01 07 10 11 00 82 40 42 0F 00 02 10 00 81 C5 6A E2 0B 12
12 1B 00 5C 01 C0 03 01 01 08 10 11 01 82 20 DB DE 0A 00 00 00 01 10 00 81 01 00 01 A9 82 BE 65 12
12 21 00 53 01 C0 01 02 5E 02 10 00 81 02 10 01 21 02 10 0D 25 02 10 02 22 02 10 05 81 02 10 06 81 D4 59 D7 F9 12
12 38 00 C1 01 C0 02 01 5E 01 10 00 81 01 00 01 01 10 01 21 01 00 00 01 10 0D 25 02 00 28 26 01 10 02 22 04 00 00 00 00 00 01 10 05 81 02 00 67 11 01 10 06 81 01 00 01 3C A2 01 E6 12
12 16 00 AE 00 C0 01 03 01 07 10 11 00 82 40 42 0F 00 02 10 00 81 C5 6A E2 0B 12
12 1B 00 5C 01 C0 03 01 01 08 10 11 01 82 20 DB DE 0A 00 00 00 01 10 00 81 01 00 01 A9 82 BE 65 12
12 21 00 53 01 C0 01 02 63 02 10 00 81 02 10 01 21 02 10 0D 25 02 10 02 22 02 10 05 81 02 10 06 81 25 CA FA DE 12
12 38 00 C1 01 C0 02 01 63 01 10 00 81 01 00 01 01 10 01 21 01 00 00 01 10 0D 25 02 00 28 26 01 10 02 22 04 00 93 0A 00 00 01 10 05 81 02 00 67 11 01 10 06 81 01 00 01 8B 7E 0C 95 12
12 16 00 AE 00 C0 01 03 01 07 10 11 00 82 40 42 0F 00 02 10 00 81 C5 6A E2 0B 12
12 1B 00 5C 01 C0 03 01 01 08 10 11 01 82 20 DB DE 0A 00 00 00 01 10 00 81 01 00 01 A9 82 BE 65 12
12 21 00 53 01 C0 01 02 6A 02 10 00 81 02 10 01 21 02 10 0D 25 02 10 02 22 02 10 05 81 02 10 06 81 D0 DF E0 D2 12
12 38 00 C1 01 C0 02 01 6A 01 10 00 81 01 00 01 01 10 01 21 01 00 00 01 10 0D 25 02 00 27 26 01 10 02 22 04 00 70 08 00 00 01 10 05 81 02 00 67 11 01 10 06 81 01 00 01 BC CD 0B D9 12
12 16 00 AE 00 C0 01 03 01 07 10 11 00 82 40 42 0F 00 02 10 00 81 C5 6A E2 0B 12
12 1B 00 5C 01 C0 03 01 01 08 10 11 01 82 20 DB DE 0A 00 00 00 01 10 00 81 01 00 01 A9 82 BE 65 12
12 21 00 53 01 C0 01 02 71 02 10 00 81 02 10 01 21 02 10 0D 25 02 10 02 22 02 10 05 81 02 10 06 81 CF E1 CE C6 12
12 38 00 C1 01 C0 02 01 71 01 10 00 81 01 00 01 01 10 01 21 01 00 00 01 10 0D 25 02 00 26 26 01 10 02 22 04 00 5C 09 00 00 01 10 05 81 02 00 67 11 01 10 06 81 01 00 01 E8 92 48 83 12
12 16 00 AE 00 C0 01 03 01 07 10 11 00 82 40 42 0F 00 02 10 00 81 C5 6A E2 0B 12
12 1B 00 5C 01 C0 03 01 01 08 10 11 01 82 20 DB DE 0A 00 00 00 01 10 00 81 01 00 01 A9 82 BE 65 12
12 21 00 53 01 C0 01 02 78 02 10 00 81 02 10 01 21 02 10 0D 25 02 10 02 22 02 10 05 81 02 10 06 81 3A F4 D4 CA 12
12 16 00 AE 00 C0 01 03 01 07 10 11 00 82 40 42 0F 00 02 10 00 81 C5 6A E2 0B 12
12 21 00 53 01 C0 01 02 7B 02 10 00 81 02 10 01 21 02 10 0D 25 02 10 02 22 02 10 05 81 02 10 06 81 1D F3 0A C8 12
12 38 00 C1 01 C0 02 01 7B 01 10 00 81 01 00 01 01 10 01 21 01 00 00 01 10 0D 25 02 00 25 26 01 10 02 22 04 00 41 09 00 00 01 10 05 81 02 00 67 11 01 10 06 81 01 00 01 07 AD 28 59 12
12 16 00 AE 00 C0 01 03 01 07 10 11 00 82 40 42 0F 00 02 10 00 81 C5 6A E2 0B 12
12 1B 00 5C 01 C0 03 01 01 08 10 11 01 82 20 DB DE 0A 00 00 00 01 10 00 81 01 00 01 A9 82 BE 65 12
12 21 00 53 01 C0 01 02 80 02 10 00 81 02 10 01 21 02 10 0D 25 02 10 02 22 02 10 05 81 02 10 06 81 62 A7 1A 5D 12
12 38 00 C1 01 C0 02 01 80 01 10 00 81 01 00 01 01 10 01 21 01 00 00 01 10 0D 25 02 00 24 26 01 10 02 22 04 00 1B 09 00 00 01 10 05 81 02 00 67 11 01 10 06 81 01 00 01 C8 69 54 67 12
12 16 00 AE 00 C0 01 03 01 07 10 11 00 82 40 42 0F 00 02 10 00 81 C5 6A E2 0B 12
12 1B 00 5C 01 C0 03 01 01 08 10 11 01 82 20 DB DE 0A 00 00 00 01 10 00 81 01 00 01 A9 82 BE 65 12
12 21 00 53 01 C0 01 02 88 02 10 00 81 02 10 01 21 02 10 0D 25 02 10 02 22 02 10 05 81 02 10 06 81 8A 4F B5 50 12
12 38 00 C1 01 C0 02 01 88 01 10 00 81 01 00 01 01 10 01 21 01 00 00 01 10 0D 25 02 00 23 26 01 10 02 22 04 00 0A 09 00 00 01 10 05 81 02 00 67 11 01 10 06 81 01 00 01 BD F4 DF 47 12
12 16 00 AE 00 C0 01 03 01 07 10 11 00 82 40 42 0F 00 02 10 00 81 C5 6A E2 0B 12
12 1B 00 5C 01 C0 03 01 01 08 10 11 01 82 20 DB DE 0A 00 00 00 01 10 00 81 01 00 01 A9 82 BE 65 12
12 21 00 53 01 C0 01 02 8F 02 10 00 81 02 10 01 21 02 10 0D 25 02 10 02 22 02 10 05 81 02 10 06 81 D9 BC BC 54 12
12 38 00 C1 01 C0 02 01 8F 01 10 00 81 01 00 01 01 10 01 21 01 00 00 01 10 0D 25 02 00 22 26 01 10 02 22 04 00 BB 11 00 00 01 10 05 81 02 00 67 11 01 10 06 81 01 00 01 EA 8E 81 D8 12
12 16 00 AE 00 C0 01 03 01 07 10 11 00 82 40 42 0F 00 02 10 00 81 C5 6A E2 0B 12
12 1B 00 5C 01 C0 03 01 01 08 10 11 01 82 20 DB DE 0A 00 00 00 01 10 00 81 01 00 01 A9 82 BE 65 12
12 16 00 AE 00 C0 01 03 01 07 10 11 00 82 40 42 0F 00 02 10 00 81 C5 6A E2 0B 12
12 21 00 53 01 C0 01 02 96 02 10 00 81 02 10 01 21 02 10 0D 25 02 10 02 22 02 10 05 81 02 10 06 81 FC 78 F9 43 12
12 21 00 53 01 C0 01 02 99 02 10 00 81 02 10 01 21 02 10 0D 25 02 10 02 22 02 10 05 81 02 10 06 81 47 63 5F 4A 12
12 38 00 C1 01 C0 02 01 99 01 10 00 81 01 00 01 01 10 01 21 01 00 00 01 10 0D 25 02 00 22 26 01 10 02 22 04 00 AB 11 00 00 01 10 05 81 02 00 67 11 01 10 06 81 01 00 01 6A 1E 9B 2B 12
12 16 00 AE 00 C0 01 03 01 07 10 11 00 82 40 42 0F 00 02 10 00 81 C5 6A E2 0B 12
12 1B 00 5C 01 C0 03 01 01 08 10 11 01 82 20 DB DE 0A 00 00 00 01 10 00 81 01 00 01 A9 82 BE 65 12
12 21 00 53 01 C0 01 02 9E 02 10 00 81 02 10 01 21 02 10 0D 25 02 10 02 22 02 10 05 81 02 10 06 81 14 90 56 4E 12
12 38 00 C1 01 C0 02 01 9E 01 10 00 81 01 00 01 01 10 01 21 01 00 00 01 10 0D 25 02 00 21 26 01 10 02 22 04 00 BD 11 00 00 01 10 05 81 02 00 67 11 01 10 06 81 01 00 01 A4 85 84 A6 12
12 16 00 AE 00 C0 01 03 01 07 10 11 00 82 40 42 0F 00 02 10 00 81 C5 6A E2 0B 12
12 1B 00 5C 01 C0 03 01 01 08 10 11 01 82 20 DB DE 0A 00 00 00 01 10 00 81 01 00 01 A9 82 BE 65 12
12 21 00 53 01 C0 01 02 A6 02 10 00 81 02 10 01 21 02 10 0D 25 02 10 02 22 02 10 05 81 02 10 06 81 8C 0A 19 6E 12
12 38 00 C1 01 C0 02 01 A6 01 10 00 81 01 00 01 01 10 01 21 01 00 00 01 10 0D 25 02 00 21 26 01 10 02 22 04 00 82 0C 00 00 01 10 05 81 02 00 67 11 01 10 06 81 01 00 01 E0 EE 2E 8D 12
12 16 00 AE 00 C0 01 03 01 07 10 11 00 82 40 42 0F 00 02 10 00 81 C5 6A E2 0B 12
12 1B 00 5C 01 C0 03 01 01 08 10 11 01 82 20 DB DE 0A 00 00 00 01 10 00 81 01 00 01 A9 82 BE 65 12
12 21 00 53 01 C0 01 02 AD 02 10 00 81 02 10 01 21 02 10 0D 25 02 10 02 22 02 10 05 81 02 10 06 81 43 E5 68 61 12
12 38 00 C1 01 C0 02 01 AD 01 10 00 81 01 00 01 01 10 01 21 01 00 00 01 10 0D 25 02 00 20 26 01 10 02 22 04 00 49 09 00 00 01 10 05 81 02 00 67 11 01 10 06 81 01 00 01 D7 6E 9A 0A 12
12 16 00 AE 00 C0 01 03 01 07 10 11 00 82 40 42 0F 00 02 10 00 81 C5 6A E2 0B 12
12 1B 00 5C 01 C0 03 01 01 08 10 11 01 82 20 DB DE 0A 00 00 00 01 10 00 81 01 00 01 A9 82 BE 65 12
12 16 00 AE 00 C0 01 03 01 07 10 11 00 82 40 42 0F 00 02 10 00 81 C5 6A E2 0B 12
12 1B 00 5C 01 C0 03 01 01 08 10 11 01 82 20 DB DE 0A 00 00 00 01 10 00 81 01 00 01 A9 82 BE 65 12
12 21 00 53 01 C0 01 02 B4 02 10 00 81 02 10 01 21 02 10 0D 25 02 10 02 22 02 10 05 81 02 10 06 81 66 21 2D 76 12
12 38 00 C1 01 C0 02 01 B4 01 10 00 81 01 00 01 01 10 01 21 01 00 00 01 10 0D 25 02 00 1F 26 01 10 02 22 04 00 53 09 00 00 01 10 05 81 02 00 67 11 01 10 86 62 C8 00 53 01 80 01 02 B7 02 10 00 81 02 10 01 21 02 10 0D 25 02 10 02 22 02 10 05 81 02 10 06 81 41 26 F3 74 12
12 21 00 53 01 C0 01 02 BA 02 10 00 81 02 10 01 21 02 10 0D 25 02 10 02 22 02 10 05 81 02 10 06 81 C0 C7 3E 7E 12
12 38 00 C1 01 C0 02 01 BA 01 10 00 81 01 00 01 01 10 01 21 01 00 00 01 10 0D 25 02 00 1F 26 01 10 02 22 04 00 53 09 00 00 01 10 05 81 02 00 67 11 01 10 06 81 01 00 01 0C 64 EE 4B 12
12 16 00 AE 00 C0 01 03 01 07 10 11 00 82 40 42 0F 00 02 10 00 81 C5 6A E2 0B 12
12 1B 00 5C 01 C0 03 01 01 08 10 11 01 82 20 DB DE 0A 00 00 00 01 10 00 81 01 00 01 A9 82 BE 65 12
12 21 00 53 01 C0 01 02 BE 02 10 00 81 02 10 01 21 02 10 0D 25 02 10 02 22 02 10 05 81 02 10 06 81 B4 33 E9 78 12
12 38 00 C1 01 C0 02 01 BE 01 10 00 81 01 00 01 01 10 01 21 01 00 00 01 10 0D 25 02 00 1E 26 01 10 02 22 04 00 D5 05 00 00 01 10 05 81 02 00 67 11 01 10 06 81 01 00 01 74 66 91 C8 12
12 21 00 53 01 C0 01 02 C1 02 10 00 81 02 10 01 21 02 10 0D 25 02 10 02 22 02 10 05 81 02 10 06 81 3F 1D D0 31 12
12 38 00 C1 01 C0 02 01 C1 01 10 00 81 01 00 01 01 10 01 21 01 00 00 01 10 0D 25 02 00 1E 26 01 10 02 22 04 00 D5 05 00 00 01 10 05 81 02 00 67 11 01 10 06 81 01 00 01 4E C0 FD 94 12
12 16 00 AE 00 C0 01 03 01 07 10 11 00 82 40 42 0F 00 02 10 00 81 C5 6A E2 0B 12
12 1B 00 5C 01 C0 03 01 01 08 10 11 01 82 20 DB DE 0A 00 00 00 01 10 00 81 01 00 01 A9 82 BE 65 12
12 21 00 53 01 C0 01 02 C6 02 10 00 81 02 10 01 21 02 10 0D 25 02 10 02 22 02 10 05 81 02 10 06 81 6C EE D9 35 12
12 38 00 C1 01 C0 02 01 C6 01 10 00 81 01 00 01 01 10 01 21 01 00 00 01 10 0D 25 02 00 1B 26 01 10 02 22 04 00 EE 01 00 00 01 10 05 81 02 00 67 11 01 10 06 81 01 00 01 6A 37 BC BF 12
12 16 00 AE 00 C0 01 03 01 07 10 11 00 82 40 42 0F 00 02 10 00 81 C5 6A E2 0B 12
12 1B 00 5C 01 C0 03 01 01 08 10 11 01 82 20 DB DE 0A 00 00 00 01 10 00 81 01 00 01 A9 82 BE 65 12
12 21 00 53 01 C0 01 02 CD 02 10 00 81 02 10 01 21 02 10 0D 25 02 10 02 22 02 10 05 81 02 10 06 81 A3 01 A8 3A 12
12 38 00 C1 01 C0 02 01 CD 01 10 00 81 01 00 01 01 10 01 21 01 00 00 01 10 0D 25 02 00 17 26 01 10 02 22 04 00 C8 01 00 00 01 10 05 81 02 00 67 11 01 10 06 81 01 00 01 67 A2 0B D7 12
12 16 00 AE 00 C0 01 03 01 07 10 11 00 82 40 42 0F 00 02 10 00 81 C5 6A E2 0B 12
12 1B 00 5C 01 C0 03 01 01 08 10 11 01 82 20 DB DE 0A 00 00 00 01 10 00 81 01 00 01 A9 82 BE 65 12
12 16 00 AE 00 C0 01 03 01 07 10 11 00 82 40 42 0F 00 02 10 00 81 C5 6A E2 0B 12
12 1B 00 5C 01 C0 03 01 01 08 10 11 01 82 20 DB DE 0A 00 00 00 01 10 00 81 01 00 01 A9 82 BE 65 12
12 21 00 53 01 C0 01 02 D4 02 10 00 81 02 10 01 21 02 10 0D 25 02 10 02 22 02 10 05 81 02 10 06 81 86 C5 ED 2D 12
12 38 00 C1 01 C0 02 01 D4 01 10 00 81 01 00 01 01 10 01 21 01 00 00 01 10 0D 25 02 00 DB DE 26 01 10 02 22 04 00 BF 01 00 00 01 10 05 81 02 00 67 11 01 10 06 81 01 00 01 21 B5 85 8C 12
12 21 00 53 01 C0 01 02 D7 02 10 00 81 02 10 01 21 02 10 0D 25 02 10 02 22 02 10 05 81 02 10 06 81 A1 C2 33 2F 12
12 38 00 C1 01 C0 02 01 D7 01 10 00 81 01 00 01 01 10 01 21 01 00 00 01 10 0D 25 02 00 DB DE 26 01 10 02 22 04 00 BF 01 00 00 01 10 05 81 02 00 67 11 01 10 06 81 01 00 01 45 80 57 CA 12
12 16 00 AE 00 C0 01 03 01 07 10 11 00 82 40 42 0F 00 02 10 00 81 C5 6A E2 0B 12
12 1B 00 5C 01 C0 03 01 01 08 10 11 01 82 20 DB DE 0A 00 00 00 01 10 00 81 01 00 01 A9 82 BE 65 12
12 21 00 53 01 C0 01 02 DD 02 10 00 81 02 10 01 21 02 10 0D 25 02 10 02 22 02 10 05 81 02 10 06 81 73 D0 F7 21 12
12 38 00 C1 01 C0 02 01 DD 01 10 00 81 01 00 01 01 10 01 21 01 00 00 01 10 0D 25 02 00 0D 26 01 10 02 22 04 00 86 01 00 00 01 10 05 81 02 00 67 11 01 10 06 81 01 00 01 C6 D2 6C 22 12
12 16 00 AE 00 C0 01 03 01 07 10 11 00 82 40 42 0F 00 02 10 00 81 C5 6A E2 0B 12
12 1B 00 5C 01 C0 03 01 01 08 10 11 01 82 20 DB DE 0A 00 00 00 01 10 00 81 01 00 01 A9 82 BE 65 12
12 21 00 53 01 C0 01 02 E4 02 10 00 81 02 10 01 21 02 10 0D 25 02 10 02 22 02 10 05 81 02 10 06 81 F6 B7 0D 00 12
12 38 00 C1 01 C0 02 01 E4 01 10 00 81 01 00 01 01 10 01 21 01 00 00 01 10 0D 25 02 00 0B 26 01 10 02 22 04 00 F2 0D 00 00 01 10 05 81 02 00 67 11 01 10 06 81 01 00 01 64 95 20 AE 12
12 16 00 AE 00 C0 01 03 01 07 10 11 00 82 40 42 0F 00 02 10 00 81 C5 6A E2 0B 12
12 1B 00 5C 01 C0 03 01 01 08 10 11 01 82 20 DB DE 0A 00 00 00 01 10 00 81 01 00 01 A9 82 BE 65 12
12 21 00 53 01 C0 01 02 EB 02 10 00 81 02 10 01 21 02 10 0D 25 02 10 02 22 02 10 05 81 02 10 06 81 4D AC AB 09 12
12 38 00 C1 01 C0 02 01 EB 01 10 00 81 01 00 01 01 10 01 21 01 00 00 01 10 0D 25 02 00 0A 26 01 10 02 22 04 00 48 09 00 00 01 10 05 81 02 00 67 11 01 10 06 81 01 00 01 AC 31 2D 9F 12
12 16 00 AE 00 C0 01 03 01 07 10 11 00 82 40 42 0F 00 02 10 00 81 C5 6A E2 0B 12
12 1B 00 5C 01 C0 03 01 01 08 10 11 01 82 20 DB DE 0A 00 00 00 01 10 00 81 01 00 01 A9 82 BE 65 12
12 16 00 AE 00 C0 01 03 01 07 10 11 00 82 40 42 0F 00 02 10 00 81 C5 6A E2 0B 12
12 1B 00 5C 01 C0 03 01 01 08 10 11 01 82 20 DB DE 0A 00 00 00 01 10 00 81 01 00 00 E8 B3 A5 7C 12
12 21 00 53 01 C0 01 02 F2 02 10 00 81 02 10 01 21 02 10 0D 25 02 10 02 22 02 10 05 81 02 10 06 81 68 68 EE 1E 12
12 38 00 C1 01 C0 02 01 F2 01 10 00 81 01 00 00 01 10 01 21 01 00 00 01 10 0D 25 02 00 09 26 01 10 02 22 04 00 00 00 00 00 01 10 05 81 02 00 67 11 01 10 06 81 01 00 01 B1 28 B7 1E 12
12 21 00 53 01 C0 01 02 F5 02 10 00 81 02 10 01 21 02 10 0D 25 02 10 02 22 02 10 05 81 02 10 06 81 3B 9B E7 1A 12
12 38 00 C1 01 C0 02 01 F5 01 10 00 81 01 00 00 01 10 01 21 01 00 00 01 10 0D 25 02 00 09 26 01 10 02 22 04 00 00 00 00 00 01 10 05 81 02 00 67 11 01 10 06 81 01 00 01 A5 AE A2 AE 12
12 16 00 AE 00 C0 01 03 01 07 10 11 00 82 40 42 0F 00 02 10 00 81 C5 6A E2 0B 12
12 1B 00 5C 01 C0 03 01 01 08 10 11 01 82 20 DB DE 0A 00 00 00 01 10 00 81 01 00 00 E8 B3 A5 7C 12
12 21 00 53 01 C0 01 02 FA 02 10 00 81 02 10 01 21 02 10 0D 25 02 10 02 22 02 10 05 81 02 10 06 81 80 80 41 13 12
12 38 00 C1 01 C0 02 01 FA 01 10 00 81 01 00 00 01 10 01 21 01 00 00 01 10 0D 25 02 00 09 26 01 10 02 22 04 00 00 00 00 00 01 10 05 81 02 00 67 11 01 10 06 81 01 00 01 10 48 49 28 12
12 16 00 AE 00 C0 01 03 01 07 10 11 00 82 40 42 0F 00 02 10 00 81 C5 6A E2 0B 12
12 1B 00 5C 01 C0 03 01 01 08 10 11 01 82 20 DB DE 0A 00 00 00 01 10 00 81 01 00 00 E8 B3 A5 7C 12
12 21 00 53 01 C0 01 02 02 02 10 00 81 02 10 01 21 02 10 0D 25 02 10 02 22 02 10 05 81 02 10 06 81 D8 D3 8F 84 12
12 38 00 C1 01 C0 02 01 02 01 10 00 81 01 00 00 01 10 01 21 01 00 00 01 10 0D 25 02 00 08 26 01 10 02 22 04 00 00 00 00 00 01 10 05 81 02 00 67 11 01 10 06 81 01 00 01 ED 75 B8 73 12
12 16 00 AE 00 C0 01 03 01 07 10 11 00 82 40 42 0F 00 02 10 00 81 C5 6A E2 0B 12
12 1B 00 5C 01 C0 03 01 01 08 10 11 01 82 20 DB DE 0A 00 00 00 01 10 00 81 01 00 00 E8 B3 A5 7C 12
12 21 00 53 01 C0 01 02 09 02 10 00 81 02 10 01 21 02 10 0D 25 02 10 02 22 02 10 05 81 02 10 06 81 17 3C FE 8B 12
12 38 00 C1 01 C0 02 01 09 01 10 00 81 01 00 00 01 10 01 21 01 00 00 01 10 0D 25 02 00 08 26 01 10 02 22 04 00 00 00 00 00 01 10 05 81 02 00 67 11 01 10 06 81 01 00 01 28 20 94 03 12
12 16 00 AE 00 C0 01 03 01 07 10 11 00 82 40 42 0F 00 02 10 00 81 C5 6A E2 0B 12
12 1B 00 5C 01 C0 03 01 01 08 10 11 01 82 20 DB DE 0A 00 00 00 01 10 00 81 01 00 00 E8 B3 A5 7C 12
12 16 00 AE 00 C0 01 03 01 07 10 11 00 82 40 42 0F 00 02 10 00 81 C5 6A E2 0B 12
12 1B 00 5C 01 C0 03 01 01 08 10 11 01 82 20 DB DE 0A 00 00 00 01 10 00 81 01 00 00 E8 B3 A5 7C 12
12 21 00 53 01 C0 01 02 10 02 10 00 81 02 10 01 21 02 10 0D 25 02 10 02 22 02 10 05 81 02 10 06 81 32 F8 BB 9C 12
12 38 00 C1 01 C0 02 01 10 01 10 00 81 01 00 00 01 10 01 21 01 00 00 01 10 0D 25 02 00 08 26 01 10 02 22 04 00 00 00 00 00 01 10 05 81 02 00 67 11 01 10 06 81 01 00 01 17 6D 27 65 12
12 21 00 53 01 C0 01 02 13 02 10 00 81 02 10 01 21 02 10 0D 25 02 10 02 22 02 10 05 81 02 10 06 81 15 FF 65 9E 12
12 38 00 C1 01 C0 02 01 13 01 10 00 81 01 00 00 01 10 01 21 01 00 00 01 10 0D 25 02 00 08 26 01 10 02 22 04 00 00 00 00 00 01 10 05 81 02 00 67 11 01 10 06 81 01 00 01 73 58 F5 23 12
12 16 00 AE 00 C0 01 03 01 07 10 11 00 82 40 42 0F 00 02 10 00 81 C5 6A E2 0B 12
12 1B 00 5C 01 C0 03 01 01 08 10 11 01 82 20 DB DE 0A 00 00 00 01 10 00 81 01 00 00 E8 B3 A5 7C 12
12 21 00 53 01 C0 01 02 18 02 10 00 81 02 10 01 21 02 10 0D 25 02 10 02 22 02 10 05 81 02 10 06 81 DA 10 14 91 12
12 38 00 C1 01 C0 02 01 18 01 10 00 81 01 00 00 01 10 01 21 01 00 00 01 10 0D 25 02 00 08 26 01 10 02 22 04 00 00 00 00 00 01 10 05 81 02 00 67 11 01 10 06 81 01 00 01 B6 0D D9 53 12
12 16 00 AE 00 C0 01 03 01 07 10 11 00 82 40 42 0F 00 02 10 00 81 C5 6A E2 0B 12
12 1B 00 5C 01 C0 03 01 01 08 10 11 01 82 20 DB DE 0A 00 00 00 01 10 00 81 01 00 00 E8 B3 A5 7C 12
12 21 00 53 01 C0 01 02 1F 02 10 00 81 02 10 01 21 02 10 0D 25 02 10 02 22 02 10 05 81 02 10 06 81 89 E3 1D 95 12
12 38 00 C1 01 C0 02 01 1F 01 10 00 81 01 00 00 01 10 01 21 01 00 00 01 10 0D 25 02 00 08 26 01 10 02 22 04 00 00 00 00 00 01 10 05 81 02 00 67 11 01 10 06 81 01 00 01 A2 8B CC E3 12
12 16 00 AE 00 C0 01 03 01 07 10 11 00 82 40 42 0F 00 02 10 00 81 C5 6A E2 0B 12
12 1B 00 5C 01 C0 03 01 01 08 10 11 01 82 20 DB DE 0A 00 00 00 01 10 00 81 01 00 00 E8 B3 A5 7C 12
12 21 00 53 01 C0 01 02 26 02 10 00 81 02 10 01 21 02 10 0D 25 02 10 02 22 02 10 05 81 02 10 06 81 0C 84 E7 B4 12
12 38 00 C1 01 C0 02 01 26 01 10 00 81 01 00 00 01 10 01 21 01 00 00 01 10 0D 25 02 00 08 26 01 10 02 22 04 00 00 00 00 00 01 10 05 81 02 00 67 11 01 10 06 81 01 00 01 19 44 86 5E 12
12 16 00 AE 00 C0 01 03 01 07 10 11 00 82 40 42 0F 00 02 10 00 81 C5 6A E2 0B 12
12 1B 00 5C 01 C0 03 01 01 08 10 11 01 82 20 DB DE 0A 00 00 00 01 10 00 81 01 00 00 E8 B3 A5 7C 12
12 16 00 AE 00 C0 01 03 01 07 10 11 00 82 40 42 0F 00 02 10 00 81 C5 6A E2 0B 12
12 1B 00 5C 01 C0 03 01 01 08 10 11 01 82 20 DB DE 0A 00 00 00 01 10 00 81 01 00 00 E8 B3 A5 7C 12
12 21 00 53 01 C0 01 02 2D 02 10 00 81 02 10 01 21 02 10 0D 25 02 10 02 22 02 10 05 81 02 10 06 81 C3 6B 96 BB 12
12 38 00 C1 01 C0 02 01 2D 01 10 00 81 01 00 00 01 10 01 21 01 00 00 01 10 0D 25 02 00 08 26 01 10 02 22 04 00 00 00 00 00 01 10 05 81 02 00 67 11 01 10 06 81 01 00 01 DC 11 AA 2E 12
12 21 00 53 01 C0 01 02 30 02 10 00 81 02 10 01 21 02 10 0D 25 02 10 02 22 02 10 05 81 02 10 06 81 92 5B 04 AA 12
12 38 00 C1 01 C0 02 01 30 01 10 00 81 01 00 00 01 10 01 21 01 00 00 01 10 0D 25 02 00 08 26 01 10 02 22 04 00 00 00 00 00 01 10 05 81 02 00 67 11 01 10 06 81 01 00 01 93 EF DE BE 12
12 16 00 AE 00 C0 01 03 01 07 10 11 00 82 40 42 0F 00 02 10 00 81 C5 6A E2 0B 12
12 1B 00 5C 01 C0 03 01 01 08 10 11 01 82 20 DB DE 0A 00 00 00 01 10 00 81 01 00 00 E8 B3 A5 7C 12
12 21 00 53 01 C0 01 02 35 02 10 00 81 02 10 01 21 02 10 0D 25 02 10 02 22 02 10 05 81 02 10 06 81 FB 52 66 AD 12
12 38 00 C1 01 C0 02 01 35 01 10 00 81 01 00 00 01 10 01 21 01 00 00 01 10 0D 25 02 00 08 26 01 10 02 22 04 00 00 00 00 00 01 10 05 81 02 00 67 11 01 10 06 81 01 00 01 3F B0 A8 75 12
12 16 00 AE 00 C0 01 03 01 07 10 11 00 82 40 42 0F 00 02 10 00 81 C5 6A E2 0B 12
12 1B 00 5C 01 C0 03 01 01 08 10 11 01 82 20 DB DE 0A 00 00 00 01 10 00 81 01 00 00 E8 B3 A5 7C 12
12 21 00 53 01 C0 01 02 3C 02 10 00 81 02 10 01 21 02 10 0D 25 02 10 02 22 02 10 05 81 02 10 06 81 0E 47 7C A1 12
12 38 00 C1 01 C0 02 01 3C 01 10 00 81 01 00 00 01 10 01 21 01 00 00 01 10 0D 25 02 00 08 26 01 10 02 22 04 00 00 00 00 00 01 10 05 81 02 00 67 11 01 10 06 81 01 00 01 42 3C E7 7E 12
12 16 00 AE 00 C0 01 03 01 07 10 11 00 82 40 42 0F 00 02 10 00 81 C5 6A E2 0B 12
12 1B 00 5C 01 C0 03 01 01 08 10 11 01 82 20 DB DE 0A 00 00 00 01 10 00 81 01 00 00 E8 B3 A5 7C 12
12 21 00 53 01 C0 01 02 43 02 10 00 81 02 10 01 21 02 10 0D 25 02 10 02 22 02 10 05 81 02 10 06 81 85 69 45 E8 12
12 38 00 C1 01 C0 02 01 43 01 10 00 81 01 00 00 01 10 01 21 01 00 00 01 10 0D 25 02 00 08 26 01 10 02 22 04 00 00 00 00 00 01 10 05 81 02 00 67 11 01 10 06 81 01 00 01 78 9A 8B 22 12
12 16 00 AE 00 C0 01 03 01 07 10 11 00 82 40 42 0F 00 02 10 00 81 C5 6A E2 0B 12
12 1B 00 5C 01 C0 03 01 01 08 10 11 01 82 20 DB DE 0A 00 00 00 01 10 00 81 01 00 00 E8 B3 A5 7C 12