12 1A 00 31 00 C0 FF 03 00 00 20 00 00 00 00 00 00 00 00 00 00 00 00 10 00 FF 06 DA EE 2D 12
12 1A 00 31 01 C0 FF 03 00 00 20 00 00 00 00 00 00 00 00 00 00 00 00 10 00 FF 21 BF CB AC 12
12 15 00 19 01 C0 01 02 03 02 10 0B 25 02 10 0C 25 02 10 14 81 70 CC CE 7A 12
12 22 00 E4 00 C0 01 03 01 07 10 13 02 10 02 81 02 10 01 02 02 10 15 81 02 10 14 81 16 82 00 00 01 00 68 CC 78 60 12
12 1A 00 31 01 C0 FF 03 00 00 20 00 00 00 00 00 00 00 00 00 00 00 00 10 00 FF 21 BF CB AC 12
12 1A 00 31 01 C0 FF 03 00 00 20 00 00 00 00 00 00 00 00 00 00 00 00 10 00 FF 21 BF CB AC 12
12 15 00 19 01 C0 01 02 03 02 10 0B 25 02 10 0C 25 02 10 14 81 70 CC CE 7A 12
12 22 00 E4 01 C0 01 03 01 07 10 13 02 10 02 81 02 10 01 02 02 10 15 81 02 10 14 81 16 82 00 00 01 00 C2 C9 A2 91 12
12 30 00 2B 01 C0 03 01 01 08 10 13 01 10 02 81 02 00 A4 00 01 10 01 02 04 00 20 DB DE 0A 00 01 10 15 81 02 00 D8 72 01 10 14 81 02 00 76 48 01 00 5A 23 AD 5D 12
12 16 00 AE 00 C0 01 03 01 07 10 11 00 82 40 42 0F 00 02 10 00 81 C5 6A E2 0B 12
12 1B 00 5C 01 C0 03 01 01 08 10 11 01 82 98 3A 00 00 00 00 01 10 00 81 01 00 00 71 76 13 64 12
12 21 00 53 01 C0 01 02 0B 02 10 00 81 02 10 01 21 02 10 0D 25 02 10 02 22 02 10 05 81 02 10 06 81 2D C6 95 88 12
12 38 00 C1 01 C0 02 01 0B 01 10 00 81 01 00 00 01 10 01 21 01 00 00 01 10 0D 25 22 13 00 B4 01 C0 01 02 86 06 81 00 16 14 82 00 00 00 00 E8 83 D9 1C 12 01 00 01 0A D9 2F 8C 12
12 16 00 AE 00 C0 01 03 01 07 10 11 00 82 40 42 0F 00 02 10 00 81 C5 6A E2 0B 12
12 1B 00 5C 01 C0 03 01 01 08 10 11 01 82 98 3A 00 00 00 00 01 10 00 81 01 00 00 71 76 13 64 12
12 21 00 53 01 C0 01 02 13 02 10 00 81 02 10 01 21 02 10 0D 25 02 10 02 22 02 10 05 81 02 10 06 81 15 FF 65 9E 12
12 38 00 C1 01 C0 02 01 13 01 10 00 81 01 00 00 01 10 01 21 01 00 00 01 10 0D 25 02 00 14 11 01 10 02 22 04 00 00 00 00 00 01 10 05 81 02 00 6C 06 01 10 06 81 01 00 01 E9 78 2D D7 12
12 16 00 AE 00 C0 01 03 01 07 10 11 00 82 40 42 0F 00 02 10 00 81 C5 6A E2 0B 12
12 1B 00 5C 01 C0 03 01 01 08 10 11 01 82 98 3A 00 00 00 00 01 10 00 81 01 00 00 71 76 13 64 12
12 21 00 53 01 C0 01 02 1A 02 10 00 81 02 10 01 21 02 10 0D 25 02 10 02 22 02 10 05 81 02 10 06 81 E0 EA 7F 92 12
12 38 00 C1 01 C0 02 01 1A 01 10 00 81 01 00 00 01 10 01 21 01 00 00 01 10 0D 25 02 00 14 11 01 10 02 22 04 00 00 00 00 00 01 10 05 81 02 00 6C 06 01 10 06 81 01 00 01 94 F4 62 DC 12
12 16 00 AE 00 C0 01 03 01 07 10 11 00 82 40 42 0F 00 02 10 00 81 C5 6A E2 0B 12
12 1B 00 5C 01 C0 03 01 01 08 10 11 01 82 98 3A 00 00 00 00 01 10 00 81 01 00 00 71 76 13 64 12
12 21 00 53 01 C0 01 02 21 02 10 00 81 02 10 01 21 02 10 0D 25 02 10 02 22 02 10 05 81 02 10 06 81 5F 77 EE B0 12
12 38 00 C1 01 C0 02 01 21 01 10 00 81 01 00 00 01 10 01 21 01 00 00 01 10 0D 25 02 00 13 11 01 10 02 22 04 00 00 00 00 00 01 10 05 81 02 00 6C 06 01 10 06 81 01 00 01 11 A4 9E C8 12
12 16 00 AE 00 C0 01 03 01 07 10 11 00 82 40 42 0F 00 02 10 00 81 C5 6A E2 0B 12
12 1B 00 5C 01 C0 03 01 01 08 10 11 01 82 98 3A 00 00 00 00 01 10 00 81 01 00 00 71 76 13 64 12
12 15 00 19 01 C0 01 02 24 02 10 0B 25 02 10 0C 25 02 10 14 81 78 4F 08 90 12
12 21 00 53 01 C0 02 01 24 01 10 0B 25 02 00 A0 0F 01 10 0C 25 02 00 05 0F 01 10 14 81 02 00 76 48 C1 19 DB DD DC 12
12 16 00 AE 00 C0 01 03 01 07 10 11 00 82 40 42 0F 00 02 10 00 81 C5 6A E2 0B 12
12 1B 00 5C 01 C0 03 01 01 08 10 11 01 82 98 3A 00 00 00 00 01 10 00 81 01 00 00 71 76 13 64 12
12 21 00 53 01 C0 01 02 29 02 10 00 81 02 10 01 21 02 10 0D 25 02 10 02 22 02 10 05 81 02 10 06 81 B7 9F 41 BD 12
12 38 00 C1 01 C0 02 01 29 01 10 00 81 01 00 00 01 10 01 21 01 00 00 01 10 0D 25 02 00 13 11 01 10 02 22 04 00 00 00 00 00 01 10 05 81 02 00 6C 06 01 10 06 81 01 00 01 B0 C4 60 FE 12
12 13 00 B6 01 C0 01 02 2C 06 03 00 16 16 82 00 00 00 00 8D C6 E7 C8 12
12 24 00 4B 01 C0 02 01 2C 07 03 16 30 32 34 38 4A 42 2E 30 30 2E 30 33 2E 30 30 32 2E 30 30 30 38 00 01 00 53 1B 01 F8 12
12 16 00 AE 00 C0 01 03 01 07 10 11 00 82 40 42 0F 00 02 10 00 81 C5 6A E2 0B 12
12 1B 00 5C 01 C0 03 01 01 08 10 11 01 82 98 3A 00 00 00 00 01 10 00 81 01 00 00 71 76 13 64 12
12 21 00 53 01 C0 01 02 31 02 10 00 81 02 10 01 21 02 10 0D 25 02 10 02 22 02 10 05 81 02 10 06 81 8F A6 B1 AB 12
12 38 00 C1 01 C0 02 01 31 01 10 00 81 01 00 00 01 10 01 21 01 00 00 01 10 0D 25 02 00 13 11 01 10 02 22 04 00 00 00 00 00 01 10 05 81 02 00 6C 06 01 10 06 81 01 00 01 53 65 62 A5 12
12 16 00 AE 00 C0 01 03 01 07 10 11 00 82 40 42 0F 00 02 10 00 81 C5 6A E2 0B 12
12 1B 00 5C 01 C0 03 01 01 08 10 11 01 82 98 3A 00 00 00 00 01 10 00 81 01 00 00 71 76 13 64 12
12 21 00 53 01 C0 01 02 38 02 10 00 81 02 10 01 21 02 10 0D 25 02 10 02 22 02 10 05 81 02 10 06 81 7A B3 AB A7 12
12 38 00 C1 01 C0 02 01 38 01 10 00 81 01 00 00 01 10 01 21 01 00 00 01 10 0D 25 02 00 13 11 01 10 02 22 04 00 00 00 00 00 01 10 05 81 02 00 6C 06 01 10 06 81 01 00 01 2E E9 2D AE 12
12 16 00 AE 00 C0 01 03 01 07 10 11 00 82 40 42 0F 00 02 10 00 81 C5 6A E2 0B 12
12 1B 00 5C 01 C0 03 01 01 08 10 11 01 82 98 3A 00 00 00 00 01 10 00 81 01 00 00 71 76 13 64 12
12 21 00 53 01 C0 01 02 3F 02 10 00 81 02 10 01 21 02 10 0D 25 02 10 02 22 02 10 05 81 02 10 06 81 29 40 A2 A3 12
12 38 00 C1 01 C0 02 01 3F 01 10 00 81 01 00 00 01 10 01 21 01 00 00 01 10 0D 25 02 00 13 11 01 10 02 22 04 00 00 00 00 00 01 10 05 81 02 00 6C 06 01 10 06 81 01 00 01 3A 6F 38 1E 12
12 16 00 AE 00 C0 01 03 01 07 10 11 00 82 40 42 0F 00 02 10 00 81 C5 6A E2 0B 12
12 1B 00 5C 01 C0 03 01 01 08 10 11 01 82 98 3A 00 00 00 00 01 10 00 81 01 00 00 71 76 13 64 12
12 16 00 AE 00 C0 01 03 01 07 10 11 00 82 40 42 0F 00 02 10 00 81 C5 6A E2 0B 12
12 1B 00 5C 01 C0 03 01 01 08 10 11 01 82 98 3A 00 00 00 00 01 10 00 81 01 00 00 71 76 13 64 12
12 21 00 53 01 C0 01 02 46 02 10 00 81 02 10 01 21 02 10 0D 25 02 10 02 22 02 10 05 81 02 10 06 81 EC 60 27 EF 12
12 38 00 C1 01 C0 02 01 46 01 10 00 81 01 00 00 01 10 01 21 01 00 00 01 10 0D 25 02 00 13 11 01 10 02 22 04 00 00 00 00 00 01 10 05 81 02 00 6C 06 01 10 06 81 01 00 01 C8 A3 F0 CF 12
12 21 00 53 01 C0 01 02 49 02 10 00 81 02 10 01 21 02 10 0D 25 02 10 02 22 02 10 05 81 02 10 06 81 57 7B 81 E6 12
12 38 00 C1 01 C0 02 01 49 01 10 00 81 01 00 00 01 10 01 21 01 00 00 01 10 0D 25 02 00 13 11 01 10 02 22 04 00 00 00 00 00 01 10 05 81 02 00 6C 06 01 10 06 81 01 00 01 7D 45 1B 49 12
12 16 00 AE 00 C0 01 03 01 07 10 11 00 82 40 42 0F 00 02 10 00 81 C5 6A E2 0B 12
12 1B 00 5C 01 C0 03 01 01 08 10 11 01 82 98 3A 00 00 00 00 01 10 00 81 01 00 00 71 76 13 64 12
12 21 00 53 01 C0 01 02 4E 02 10 00 81 02 10 01 21 02 10 0D 25 02 10 02 22 02 10 05 81 02 10 06 81 04 88 88 E2 12
12 38 00 C1 01 C0 02 01 4E 01 10 00 81 01 00 00 01 10 01 21 01 00 00 01 10 0D 25 02 00 13 11 01 10 02 22 04 00 00 00 00 00 01 10 05 81 02 00 6C 06 01 10 06 81 01 00 01 69 C3 0E F9 12
12 16 00 AE 00 C0 01 03 01 07 10 11 00 82 40 42 0F 00 02 10 00 81 C5 6A E2 0B 12
12 1B 00 5C 01 C0 03 01 01 08 10 11 01 82 98 3A 00 00 00 00 01 10 00 81 01 00 00 71 76 13 64 12
12 21 00 53 01 C0 01 02 55 02 10 00 81 02 10 01 21 02 10 0D 25 02 10 02 22 02 10 05 81 02 10 06 81 1B B6 A6 F6 12
12 38 00 C1 01 C0 02 01 55 01 10 00 81 01 00 00 01 10 01 21 01 00 00 01 10 0D 25 02 00 13 11 01 10 02 22 04 00 00 00 00 00 01 10 05 81 02 00 6C 06 01 10 06 81 01 00 01 EE 57 DE E4 12
12 16 00 AE 00 C0 01 03 01 07 10 11 00 82 40 42 0F 00 02 10 00 81 C5 6A E2 0B 12
12 1B 00 5C 01 C0 03 01 01 08 10 11 01 82 98 3A 00 00 00 00 01 10 00 81 01 00 00 71 76 13 64 12
12 21 00 53 01 C0 01 02 5C 02 10 00 81 02 10 01 21 02 10 0D 25 02 10 02 22 02 10 05 81 02 10 06 81 EE A3 BC FA 12
12 38 00 C1 01 C0 02 01 5C 01 10 00 81 01 00 00 01 10 01 21 01 00 00 01 10 0D 25 02 00 13 11 01 10 02 22 04 00 00 00 00 00 01 10 05 81 02 00 6C 06 01 10 06 81 01 00 01 93 DB DD 91 EF 12
12 16 00 AE 00 C0 01 03 01 07 10 11 00 82 40 42 0F 00 02 10 00 81 C5 6A E2 0B 12
12 1B 00 5C 01 C0 03 01 01 08 10 11 01 82 98 3A 00 00 00 00 01 10 00 81 01 00 00 71 76 13 64 12
12 16 00 AE 00 C0 01 03 01 07 10 11 00 82 40 42 0F 00 02 10 00 81 C5 6A E2 0B 12
12 1B 00 5C 01 C0 03 01 01 08 10 11 01 82 98 3A 00 00 00 00 01 10 00 81 01 00 00 71 76 13 64 12
12 21 00 53 01 C0 01 02 63 02 10 00 81 02 10 01 21 02 10 0D 25 02 10 02 22 02 10 05 81 02 10 06 81 25 CA FA DE 12
12 38 00 C1 01 C0 02 01 63 01 10 00 81 01 00 00 01 10 01 21 01 00 01 01 10 0D 25 02 00 13 11 01 10 02 22 04 00 00 00 00 00 01 10 05 81 02 00 6C 06 01 10 06 81 01 00 01 D6 2F FD FB 12
12 21 00 53 01 C0 01 02 66 02 10 00 81 02 10 01 21 02 10 0D 25 02 10 02 22 02 10 05 81 02 10 06 81 4C C3 98 D9 12
12 38 00 C1 01 C0 02 01 66 01 10 00 81 01 00 00 01 10 01 21 01 00 01 01 10 0D 25 02 00 13 11 01 10 02 22 04 00 00 00 00 00 01 10 05 81 02 00 1A 13 01 10 06 81 01 00 01 6A F5 69 87 12
12 16 00 AE 00 C0 01 03 01 07 10 11 00 82 40 42 0F 00 02 10 00 81 C5 6A E2 0B 12
12 1B 00 5C 01 C0 03 01 01 08 10 11 01 82 98 3A 00 00 00 00 01 10 00 81 01 00 00 71 76 13 64 12
12 21 00 53 01 C0 01 02 6C 02 10 00 81 02 10 01 21 02 10 0D 25 02 10 02 22 02 10 05 81 02 10 06 81 9E D1 5C D7 12
12 38 00 C1 01 C0 02 01 6C 01 10 00 81 01 00 00 01 10 01 21 01 00 01 01 10 0D 25 02 00 13 11 01 10 02 22 04 00 00 00 00 00 01 10 05 81 02 00 1A 13 01 10 06 81 01 00 01 73 4C F4 CA 12
12 16 00 AE 00 C0 01 03 01 07 10 11 00 82 40 42 0F 00 02 10 00 81 C5 6A E2 0B 12
12 1B 00 5C 01 C0 03 01 01 08 10 11 01 82 98 3A 00 00 00 00 01 10 00 81 01 00 00 71 76 13 64 12
12 21 00 53 01 C0 01 02 73 02 10 00 81 02 10 01 21 02 10 0D 25 02 10 02 22 02 10 05 81 02 10 06 81 F5 1B A5 C5 12
12 38 00 C1 01 C0 02 01 73 01 10 00 81 01 00 00 01 10 01 21 01 00 01 01 10 0D 25 02 00 FC DB DE 01 10 02 22 04 00 00 00 00 00 01 10 05 81 02 00 24 13 01 10 06 81 01 00 01 E4 A0 6C A5 12
12 16 00 AE 00 C0 01 03 01 07 10 11 00 82 40 42 0F 00 02 10 00 81 C5 6A E2 0B 12
12 1B 00 5C 01 C0 03 01 01 08 10 11 01 82 98 3A 00 00 00 00 01 10 00 81 01 00 00 71 76 13 64 12
12 21 00 53 01 C0 01 02 7A 02 10 00 81 02 10 01 21 02 10 0D 25 02 10 02 22 02 10 05 81 02 10 06 81 00 0E BF C9 12
12 38 00 C1 01 C0 02 01 7A 01 10 00 81 01 00 00 01 10 01 21 01 00 01 01 10 0D 25 02 00 FC DB DE 01 10 02 22 04 00 00 00 00 00 01 10 05 81 02 00 24 13 01 10 06 81 01 00 01 99 2C 23 AE 12
12 16 00 AE 00 C0 01 03 01 07 10 11 00 82 40 42 0F 00 02 10 00 81 C5 6A E2 0B 12
12 1B 00 5C 01 C0 03 01 01 08 10 11 01 82 98 3A 00 00 00 00 01 10 00 81 01 00 00 71 76 13 64 12
12 16 00 AE 00 C0 01 03 01 07 10 11 00 82 40 42 0F 00 02 10 00 81 C5 6A E2 0B 12
12 1B 00 5C 01 C0 03 01 01 08 10 11 01 82 98 3A 00 00 00 00 01 10 00 81 01 00 00 71 76 13 64 12
12 21 00 53 01 C0 01 02 81 02 10 00 81 02 10 01 21 02 10 0D 25 02 10 02 22 02 10 05 81 02 10 06 81 7F 5A AF 5C 12
12 38 00 C1 01 C0 02 01 81 01 10 00 81 01 00 00 01 10 01 21 01 00 01 01 10 0D 25 02 00 FC DB DE 01 10 02 22 04 00 00 00 00 00 01 10 05 81 02 00 2F 13 01 10 06 81 01 00 01 9C A1 D9 5F 12
12 21 00 53 01 C0 01 02 84 02 10 00 81 02 10 01 21 02 10 0D 25 02 10 02 22 02 10 05 81 02 10 06 81 16 53 CD 5B 12
12 38 00 C1 01 C0 02 01 84 01 10 00 81 01 00 00 01 10 01 21 01 00 01 01 10 0D 25 02 00 FC DB DE 01 10 02 22 04 00 00 00 00 00 01 10 05 81 02 00 2F 13 01 10 06 81 01 00 01 30 FE AF 94 12
12 16 00 AE 00 C0 01 03 01 07 10 11 00 82 40 42 0F 00 02 10 00 81 C5 6A E2 0B 12
12 1B 00 5C 01 C0 03 01 01 08 10 11 01 82 98 3A 00 00 00 00 01 10 00 81 01 00 00 71 76 13 64 12
12 21 00 53 01 C0 01 02 89 02 10 00 81 02 10 01 21 02 10 0D 25 02 10 02 22 02 10 05 81 02 10 06 81 97 B2 00 51 12
12 38 00 C1 01 C0 02 01 89 01 10 00 81 01 00 00 01 10 01 21 01 00 01 01 10 0D 25 02 00 FC DB DE 01 10 02 22 04 00 00 00 00 00 01 10 05 81 02 00 2F 13 01 10 06 81 01 00 01 3D C1 27 69 12
12 16 00 AE 00 C0 01 03 01 07 10 11 00 82 40 42 0F 00 02 10 00 81 C5 6A E2 0B 12
12 1B 00 5C 01 C0 03 01 01 08 10 11 01 82 98 3A 00 00 00 00 01 10 00 81 01 00 00 71 76 13 64 12
12 21 00 53 01 C0 01 02 90 02 10 00 81 02 10 01 21 02 10 0D 25 02 10 02 22 02 10 05 81 02 10 06 81 B2 76 45 46 12
12 38 00 C1 01 C0 02 01 90 01 10 00 81 01 00 00 01 10 01 21 01 00 01 01 10 0D 25 02 00 FC DB DE 01 10 02 22 04 00 00 00 00 00 01 10 05 81 02 00 2F 13 01 10 06 81 01 00 01 02 8C 94 0F 12
12 16 00 AE 00 C0 01 03 01 07 10 11 00 82 40 42 0F 00 02 10 00 81 C5 6A E2 0B 12
12 1B 00 5C 01 C0 03 01 01 08 10 11 01 82 98 3A 00 00 00 00 01 10 00 81 01 00 00 71 76 13 64 12
12 21 00 53 01 C0 01 02 97 02 10 00 81 02 10 01 21 02 10 0D 25 02 10 02 22 02 10 05 81 02 10 06 81 E1 85 4C 42 12
12 38 00 C1 01 C0 02 01 97 01 10 00 81 01 00 00 01 10 01 21 01 00 01 01 10 0D 25 02 00 FD DB DE 01 10 02 22 04 00 00 00 00 00 01 10 05 81 02 00 2F 13 01 10 06 81 01 00 01 57 11 0D D1 12
12 16 00 AE 00 C0 01 03 01 07 10 11 00 82 40 42 0F 00 02 10 00 81 C5 6A E2 0B 12
12 1B 00 5C 01 C0 03 01 01 08 10 11 01 82 98 3A 00 00 00 00 01 10 00 81 01 00 00 71 76 13 64 12
12 16 00 AE 00 C0 01 03 01 07 10 11 00 82 40 42 0F 00 02 10 00 81 C5 6A E2 0B 12
12 1B 00 5C 01 C0 03 01 01 08 10 11 01 82 98 3A 00 00 00 00 01 10 00 81 01 00 00 71 76 13 64 12
12 21 00 53 01 C0 01 02 9E 02 10 00 81 02 10 01 21 02 10 0D 25 02 10 02 22 02 10 05 81 02 10 06 81 14 90 56 4E 12
12 38 00 C1 01 C0 02 01 9E 01 10 00 81 01 00 00 01 10 01 21 01 00 01 01 10 0D 25 02 00 FD DB DE 01 10 02 22 04 00 00 00 00 00 01 10 05 81 02 00 3A 13 01 10 06 81 01 00 01 14 9A 15 3C 12
12 21 00 53 01 C0 01 02 A1 02 10 00 81 02 10 01 21 02 10 0D 25 02 10 02 22 02 10 05 81 02 10 06 81 DF F9 10 6A 12
12 38 00 C1 01 C0 02 01 A1 01 10 00 81 01 00 00 01 10 01 21 01 00 01 01 10 0D 25 02 00 FD DB DE 01 10 02 22 04 00 00 00 00 00 01 10 05 81 02 00 3A 13 01 10 06 81 01 00 01 67 3F FB 0C 12
12 16 00 AE 00 C0 01 03 01 07 10 11 00 82 40 42 0F 00 02 10 00 81 C5 6A E2 0B 12
12 1B 00 5C 01 C0 03 01 01 08 10 11 01 82 98 3A 00 00 00 00 01 10 00 81 01 00 00 71 76 13 64 12
12 21 00 53 01 C0 01 02 A6 02 10 00 81 02 10 01 21 02 10 0D 25 02 10 02 22 02 10 05 81 02 10 06 81 8C 0A 19 6E 12
12 38 00 C1 01 C0 02 01 A6 01 10 00 81 01 00 00 01 10 01 21 01 00 01 01 10 0D 25 02 00 FD DB DE 01 10 02 22 04 00 00 00 00 00 01 10 05 81 02 00 3A 13 01 10 06 81 01 00 01 73 B9 EE BC 12
12 16 00 AE 00 C0 01 03 01 07 10 11 00 82 40 42 0F 00 02 10 00 81 C5 6A E2 0B 12
12 1B 00 5C 01 C0 03 01 01 08 10 11 01 82 98 3A 00 00 00 00 01 10 00 81 01 00 00 71 76 13 64 12
12 21 00 53 01 C0 01 02 AD 02 10 00 81 02 10 01 21 02 10 0D 25 02 10 02 22 02 10 05 81 02 10 06 81 43 E5 68 61 12
12 38 00 C1 01 C0 02 01 AD 01 10 00 81 01 00 00 01 10 01 21 01 00 01 01 10 0D 25 02 00 FD DB DE 01 10 02 22 04 00 00 00 00 00 01 10 05 81 02 00 3A 13 01 10 06 81 01 00 01 B6 EC C2 CC 12
12 16 00 AE 00 C0 01 03 01 07 10 11 00 82 40 42 0F 00 02 10 00 81 C5 6A E2 0B 12
12 1B 00 5C 01 C0 03 01 01 08 10 11 01 82 98 3A 00 00 00 00 01 10 00 81 01 00 00 71 76 13 64 12
12 21 00 53 01 C0 01 02 B4 02 10 00 81 02 10 01 21 02 10 0D 25 02 10 02 22 02 10 05 81 02 10 06 81 66 21 2D 76 12
12 38 00 C1 01 C0 02 01 B4 01 10 00 81 01 00 00 01 10 01 21 01 00 01 01 10 0D 25 02 00 FD DB DE 01 10 02 22 04 00 00 00 00 00 01 10 05 81 02 00 45 13 01 10 06 81 01 00 01 8D AD 6B 85 12
12 16 00 AE 00 C0 01 03 01 07 10 11 00 82 40 42 0F 00 02 10 00 81 C5 6A E2 0B 12
12 1B 00 5C 01 C0 03 01 01 08 10 11 01 82 98 3A 00 00 00 00 01 10 00 81 01 00 00 71 76 13 64 12
12 16 00 AE 00 C0 01 03 01 07 10 11 00 82 40 42 0F 00 02 10 00 81 C5 6A E2 0B 12
12 1B 00 5C 01 C0 03 01 01 08 10 11 01 82 98 3A 00 00 00 00 01 10 00 81 01 00 00 71 76 13 64 12
12 21 00 53 01 C0 01 02 BB 02 10 00 81 02 10 01 21 02 10 0D 25 02 10 02 22 02 10 05 81 02 10 06 81 DD 3A 8B 7F 12
12 38 00 C1 01 C0 02 01 BB 01 10 00 81 01 00 00 01 10 01 21 01 00 01 01 10 0D 25 02 00 FE DB DE 01 10 02 22 04 00 00 00 00 00 01 10 05 81 02 00 45 13 01 10 06 81 01 00 01 FB 66 14 B0 12
12 16 00 AE 00 C0 01 03 01 07 10 11 00 82 40 42 0F 00 02 10 00 81 C5 6A E2 0B 12
12 1B 00 5C 01 C0 03 01 01 08 10 11 01 82 98 3A 00 00 00 00 01 10 00 81 01 00 00 71 76 13 64 12
12 21 00 53 01 C0 01 02 C2 02 10 00 81 02 10 01 21 02 10 0D 25 02 10 02 22 02 10 05 81 02 10 06 81 18 1A 0E 33 12
12 38 00 C1 01 C0 02 01 C2 01 10 00 81 01 00 00 01 10 01 21 01 00 01 01 10 0D 25 02 00 FE DB DE 01 10 02 22 04 00 00 00 00 00 01 10 05 81 02 00 45 13 01 10 06 81 01 00 01 09 AA DC 61 12
12 16 00 AE 00 C0 01 03 01 07 10 11 00 82 40 42 0F 00 02 10 00 81 C5 6A E2 0B 12
12 1B 00 5C 01 C0 03 01 01 08 10 11 01 82 98 3A 00 00 00 00 01 10 00 81 01 00 00 71 76 13 64 12
12 21 00 53 01 C0 01 02 C9 02 10 00 81 02 10 01 21 02 10 0D 25 02 10 02 22 02 10 05 81 02 10 06 81 D7 F5 7F 3C 12
12 38 00 C1 01 C0 02 01 C9 01 10 00 81 01 00 00 01 10 01 21 01 00 01 01 10 0D 25 02 00 FE DB DE 01 10 02 22 04 00 00 00 00 00 01 10 05 81 02 00 45 13 01 10 06 81 01 00 01 CC FF F0 11 12
12 16 00 AE 00 C0 01 03 01 07 10 11 00 82 40 42 0F 00 02 10 00 81 C5 6A E2 0B 12
12 1B 00 5C 01 C0 03 01 01 08 10 11 01 82 98 3A 00 00 00 00 01 10 00 81 01 00 00 71 76 13 64 12
12 21 00 53 01 C0 01 02 D0 02 10 00 81 02 10 01 21 02 10 0D 25 02 10 02 22 02 10 05 81 02 10 06 81 F2 31 3A 2B 12
12 38 00 C1 01 C0 02 01 D0 01 10 00 81 01 00 00 01 10 01 21 01 00 01 01 10 0D 25 02 00 FE DB DE 01 10 02 22 04 00 00 00 00 00 01 10 05 81 02 00 45 13 01 10 06 81 01 00 01 F3 B2 43 77 12
12 16 00 AE 00 C0 01 03 01 07 10 11 00 82 40 42 0F 00 02 10 00 81 C5 6A E2 0B 12
12 1B 00 5C 01 C0 03 01 01 08 10 11 01 82 98 3A 00 00 00 00 01 10 00 81 01 00 00 71 76 13 64 12
12 16 00 AE 00 C0 01 03 01 07 10 11 00 82 40 42 0F 00 02 10 00 81 C5 6A E2 0B 12
12 1B 00 5C 01 C0 03 01 01 08 10 11 01 82 98 3A 00 00 00 00 01 10 00 81 01 00 00 71 76 13 64 12
12 21 00 53 01 C0 01 02 D7 02 10 00 81 02 10 01 21 02 10 0D 25 02 10 02 22 02 10 05 81 02 10 06 81 A1 C2 33 2F 12
12 38 00 C1 01 C0 02 01 D7 01 10 00 81 01 00 00 01 10 01 21 01 00 01 01 10 0D 25 02 00 FE DB DE 01 10 02 22 04 00 00 00 00 00 01 10 05 81 02 00 45 13 01 10 06 81 01 00 01 E7 34 56 C7 12
12 16 00 AE 00 C0 01 03 01 07 10 11 00 82 40 42 0F 00 02 10 00 81 C5 6A E2 0B 12
12 1B 00 5C 01 C0 03 01 01 08 10 11 01 82 98 3A 00 00 00 00 01 10 00 81 01 00 00 71 76 13 64 12
12 21 00 53 01 C0 01 02 DE 02 10 00 81 02 10 01 21 02 10 0D 25 02 10 02 22 02 10 05 81 02 10 06 81 54 D7 29 23 12
12 38 00 C1 01 C0 02 01 DE 01 10 00 81 01 00 00 01 10 01 21 01 00 01 01 10 0D 25 02 00 FF DB DE 01 10 02 22 04 00 00 00 00 00 01 10 05 81 02 00 45 13 01 10 06 81 01 00 01 DB DD A3 95 A2 12
12 16 00 AE 00 C0 01 03 01 07 10 11 00 82 40 42 0F 00 02 10 00 81 C5 6A E2 0B 12
12 1B 00 5C 01 C0 03 01 01 08 10 11 01 82 98 3A 00 00 00 00 01 10 00 81 01 00 00 71 76 13 64 12
12 21 00 53 01 C0 01 02 E5 02 10 00 81 02 10 01 21 02 10 0D 25 02 10 02 22 02 10 05 81 02 10 06 81 EB 4A B8 01 12
12 38 00 C1 01 C0 02 01 E5 01 10 00 81 01 00 00 01 10 01 21 01 00 01 01 10 0D 25 02 00 FF DB DE 01 10 02 22 04 00 00 00 00 00 01 10 05 81 02 00 45 13 01 10 06 81 01 00 01 D8 B5 BC 64 12
12 16 00 AE 00 C0 01 03 01 07 10 11 00 82 40 42 0F 00 02 10 00 81 C5 6A E2 0B 12
12 1B 00 5C 01 C0 03 01 01 08 10 11 01 82 98 3A 00 00 00 00 01 10 00 81 01 00 00 71 76 13 64 12
12 21 00 53 01 C0 01 02 EC 02 10 00 81 02 10 01 21 02 10 0D 25 02 10 02 22 02 10 05 81 02 10 06 81 1E 5F A2 0D 12
12 16 00 AE 00 C0 01 03 01 07 10 11 00 82 40 42 0F 00 02 10 00 81 C5 6A E2 0B 12
12 1B 00 5C 01 C0 03 01 01 08 10 11 01 82 98 3A 00 00 00 00 01 10 00 81 01 00 00 71 76 13 64 12
12 21 00 53 01 C0 01 02 EF 02 10 00 81 02 10 01 21 02 10 0D 25 02 10 02 22 02 10 05 81 02 10 06 81 39 58 7C 0F 12
12 38 00 C1 01 C0 02 01 EF 01 10 00 81 01 00 00 01 10 01 21 01 00 01 01 10 0D 25 02 00 FF DB DE 01 10 02 22 04 00 00 00 00 00 01 10 05 81 02 00 50 13 01 10 06 81 01 00 01 FF 0B 76 CF 12
12 16 00 AE 00 C0 01 03 01 07 10 11 00 82 40 42 0F 00 02 10 00 81 C5 6A E2 0B 12
12 1B 00 5C 01 C0 03 01 01 08 10 11 01 82 98 3A 00 00 00 00 01 10 00 81 01 00 00 71 76 13 64 12
12 21 00 53 01 C0 01 02 F4 02 10 00 81 02 10 01 21 02 10 0D 25 02 10 02 22 02 10 05 81 02 10 06 81 26 66 52 1B 12
12 38 00 C1 01 C0 02 01 F4 01 10 00 81 01 00 00 01 10 01 21 01 00 01 01 10 0D 25 02 00 FF DB DE 01 10 02 22 04 00 00 00 00 00 01 10 05 81 02 00 50 13 01 10 06 81 01 00 01 78 9F A6 D2 12
12 16 00 AE 00 C0 01 03 01 07 10 11 00 82 40 42 0F 00 02 10 00 81 C5 6A E2 0B 12
12 1B 00 5C 01 C0 03 01 01 08 10 11 01 82 98 3A 00 00 00 00 01 10 00 81 01 00 00 71 76 13 64 12
12 21 00 53 01 C0 01 02 FB 02 10 00 81 02 10 01 21 02 10 0D 25 02 10 02 22 02 10 05 81 02 10 06 81 9D 7D F4 DB DE 12
12 38 00 C1 01 C0 02 01 FB 01 10 00 81 01 00 00 01 10 01 21 01 00 01 01 10 0D 25 02 00 FF DB DE 01 10 02 22 04 00 00 00 00 00 01 10 05 81 02 00 50 13 01 10 06 81 01 00 01 CD 79 4D 54 12
12 16 00 AE 00 C0 01 03 01 07 10 11 00 82 40 42 0F 00 02 10 00 81 C5 6A E2 0B 12
12 1B 00 5C 01 C0 03 01 01 08 10 11 01 82 98 3A 00 00 00 00 01 10 00 81 01 00 00 71 76 13 64 12
12 21 00 53 01 C0 01 02 03 02 10 00 81 02 10 01 21 02 10 0D 25 02 10 02 22 02 10 05 81 02 10 06 81 C5 2E 3A 85 12
12 38 00 C1 01 C0 02 01 03 01 10 00 81 01 00 00 01 10 01 21 01 00 01 01 10 0D 25 02 00 00 13 01 10 02 22 04 00 00 00 00 00 01 10 05 81 02 00 50 13 01 10 06 81 01 00 01 6B 6F 72 48 12
12 16 00 AE 00 C0 01 03 01 07 10 11 00 82 40 42 0F 00 02 10 00 81 C5 6A E2 0B 12
12 1B 00 5C 01 C0 03 01 01 08 10 11 01 82 98 3A 00 00 00 00 01 10 00 81 01 00 00 71 76 13 64 12
12 21 00 53 01 C0 01 02 0A 02 10 00 81 02 10 01 21 02 10 0D 25 02 10 02 22 02 10 05 81 02 10 06 81 30 3B 20 89 12
12 16 00 AE 00 C0 01 03 01 07 10 11 00 82 40 42 0F 00 02 10 00 81 C5 6A E2 0B 12
12 1B 00 5C 01 C0 03 01 01 08 10 11 01 82 98 3A 00 00 00 00 01 10 00 81 01 00 00 71 76 13 64 12
12 21 00 53 01 C0 01 02 0D 02 10 00 81 02 10 01 21 02 10 0D 25 02 10 02 22 02 10 05 81 02 10 06 81 63 C8 29 8D 12
12 38 00 C1 01 C0 02 01 0D 01 10 00 81 01 00 00 01 10 01 21 01 00 01 01 10 0D 25 02 00 00 13 01 10 02 22 04 00 00 00 00 00 01 10 05 81 02 00 50 13 01 10 06 81 01 00 01 02 65 28 F3 12
12 16 00 AE 00 C0 01 03 01 07 10 11 00 82 40 42 0F 00 02 10 00 81 C5 6A E2 0B 12
12 1B 00 5C 01 C0 03 01 01 08 10 11 01 82 98 3A 00 00 00 00 01 10 00 81 01 00 00 71 76 13 64 12
12 21 00 53 01 C0 01 02 DB DE 02 10 00 81 02 10 01 21 02 10 0D 25 02 10 02 22 02 10 05 81 02 10 06 81 08 02 D0 9F 12
12 38 00 C1 01 C0 02 01 DB DE 01 10 00 81 01 00 00 01 10 01 21 01 00 01 01 10 0D 25 02 00 00 13 01 10 02 22 04 00 00 00 00 00 01 10 05 81 02 00 50 13 01 10 06 81 01 00 01 F5 42 3F 18 12
12 16 00 AE 00 C0 01 03 01 07 10 11 00 82 40 42 0F 00 02 10 00 81 C5 6A E2 0B 12
12 1B 00 5C 01 C0 03 01 01 08 10 11 01 82 98 3A 00 00 00 00 01 10 00 81 01 00 00 71 76 13 64 12
12 21 00 53 01 C0 01 02 19 02 10 00 81 02 10 01 21 02 10 0D 25 02 10 02 22 02 10 05 81 02 10 06 81 C7 ED A1 90 12
12 38 00 C1 01 C0 02 01 19 01 10 00 81 01 00 00 01 10 01 21 01 00 01 01 10 0D 25 02 00 00 13 01 10 02 22 04 00 00 00 00 00 01 10 05 81 02 00 50 13 01 10 06 81 01 00 01 30 17 13 68 12
12 16 00 AE 00 C0 01 03 01 07 10 11 00 82 40 42 0F 00 02 10 00 81 C5 6A E2 0B 12
12 1B 00 5C 01 C0 03 01 01 08 10 11 01 82 98 3A 00 00 00 00 01 10 00 81 01 00 00 71 76 13 64 12
12 21 00 53 01 C0 01 02 20 02 10 00 81 02 10 01 21 02 10 0D 25 02 10 02 22 02 10 05 81 02 10 06 81 42 8A 5B B1 12
12 38 00 C1 01 C0 02 01 20 01 10 00 81 01 00 00 01 10 01 21 01 00 01 01 10 0D 25 02 00 00 13 01 10 02 22 04 00 00 00 00 00 01 10 05 81 02 00 50 13 01 10 06 81 01 00 01 8B D8 59 D5 12
12 16 00 AE 00 C0 01 03 01 07 10 11 00 82 40 42 0F 00 02 10 00 81 C5 6A E2 0B 12
12 1B 00 5C 01 C0 03 01 01 08 10 11 01 82 98 3A 00 00 00 00 01 10 00 81 01 00 00 71 76 13 64 12
12 21 00 53 01 C0 01 02 27 02 10 00 81 02 10 01 21 02 10 0D 25 02 10 02 22 02 10 05 81 02 10 06 81 11 79 52 B5 12
12 16 00 AE 00 C0 01 03 01 07 10 11 00 82 40 42 0F 00 02 10 00 81 C5 6A E2 0B 12
12 1B 00 5C 01 C0 03 01 01 08 10 11 01 82 98 3A 00 00 00 00 01 10 00 81 01 00 00 71 76 13 64 12
12 21 00 53 01 C0 01 02 2A 02 10 00 81 02 10 01 21 02 10 0D 25 02 10 02 22 02 10 05 81 02 10 06 81 90 98 9F BF 12
12 38 00 C1 01 C0 02 01 2A 01 10 00 81 01 00 00 01 10 01 21 01 00 01 01 10 0D 25 02 00 01 13 01 10 02 22 04 00 00 00 00 00 01 10 05 81 02 00 50 13 01 10 06 81 01 00 01 D3 7A 48 F6 12
12 16 00 AE 00 C0 01 03 01 07 10 11 00 82 40 42 0F 00 02 10 00 81 C5 6A E2 0B 12
12 1B 00 5C 01 C0 03 01 01 08 10 11 01 82 98 3A 00 00 00 00 01 10 00 81 01 00 00 71 76 13 64 12
12 21 00 53 01 C0 01 02 2F 02 10 00 81 02 10 01 21 02 10 0D 25 02 10 02 22 02 10 05 81 02 10 06 81 F9 91 FD B8 12
12 38 00 C1 01 C0 02 01 2F 01 10 00 81 01 00 00 01 10 01 21 01 00 01 01 10 0D 25 02 00 01 13 01 10 02 22 04 00 00 00 00 00 01 10 05 81 02 00 50 13 01 10 06 81 01 00 01 7F 25 3E 3D 12
12 16 00 AE 00 C0 01 03 01 07 10 11 00 82 40 42 0F 00 02 10 00 81 C5 6A E2 0B 12
12 1B 00 5C 01 C0 03 01 01 08 10 11 01 82 98 3A 00 00 00 00 01 10 00 81 01 00 00 71 76 13 64 12
12 21 00 53 01 C0 01 02 36 02 10 00 81 02 10 01 21 02 10 0D 25 02 10 02 22 02 10 05 81 02 10 06 81 DC 55 B8 AF 12
12 38 00 C1 01 C0 02 01 36 01 10 00 81 01 00 00 01 10 01 21 01 00 01 01 10 0D 25 02 00 01 13 01 10 02 22 04 00 00 00 00 00 01 10 05 81 02 00 50 13 01 10 06 81 01 00 01 40 68 8D 5B 12
12 16 00 AE 00 C0 01 03 01 07 10 11 00 82 40 42 0F 00 02 10 00 81 C5 6A E2 0B 12
12 1B 00 5C 01 C0 03 01 01 08 10 11 01 82 98 3A 00 00 00 00 01 10 00 81 01 00 00 71 76 13 64 12
12 21 00 53 01 C0 01 02 3D 02 10 00 81 02 10 01 21 02 10 0D 25 02 10 02 22 02 10 05 81 02 10 06 81 13 BA C9 A0 12
12 38 00 C1 01 C0 02 01 3D 01 10 00 81 01 00 00 01 10 01 21 01 00 01 01 10 0D 25 02 00 01 13 01 10 02 22 04 00 00 00 00 00 01 10 05 81 02 00 5B 13 01 10 06 81 01 00 01 58 A3 F4 A9 12
12 16 00 AE 00 C0 01 03 01 07 10 11 00 82 40 42 0F 00 02 10 00 81 C5 6A E2 0B 12
12 1B 00 5C 01 C0 03 01 01 08 10 11 01 82 98 3A 00 00 00 00 01 10 00 81 01 00 00 71 76 13 64 12
12 16 00 AE 00 C0 01 03 01 07 10 11 00 82 40 42 0F 00 02 10 00 81 C5 6A E2 0B 12
12 21 00 53 01 C0 01 02 44 02 10 00 81 02 10 01 21 02 10 0D 25 02 10 02 22 02 10 05 81 02 10 06 81 D6 9A 4C EC 12
12 38 00 C1 01 C0 02 01 44 01 10 00 81 01 00 00 01 10 01 21 01 00 01 01 10 0D 25 02 00 01 13 01 10 02 22 04 00 00 00 00 00 01 10 05 81 02 00 5B 13 01 10 06 81 01 00 01 AA 6F 3C 78 12
12 16 00 AE 00 C0 01 03 01 07 10 11 00 82 40 42 0F 00 02 10 00 81 C5 6A E2 0B 12
12 1B 00 5C 01 C0 03 01 01 08 10 11 01 82 98 3A 00 00 00 00 01 10 00 81 01 00 00 71 76 13 64 12
12 21 00 53 01 C0 01 02 4B 02 10 00 81 02 10 01 21 02 10 0D 25 02 10 02 22 02 10 05 81 02 10 06 81 6D 81 EA E5 12
12 38 00 C1 01 C0 02 01 4B 01 10 00 81 01 00 00 01 10 01 21 01 00 01 01 10 0D 25 02 00 02 13 01 10 02 22 04 00 00 00 00 00 01 10 05 81 02 00 5B 13 01 10 06 81 01 00 01 DC A4 43 4D 12
12 16 00 AE 00 C0 01 03 01 07 10 11 00 82 40 42 0F 00 02 10 00 81 C5 6A E2 0B 12
12 1B 00 5C 01 C0 03 01 01 08 10 11 01 82 98 3A 00 00 00 00 01 10 00 81 01 00 00 71 76 13 64 12
12 21 00 53 01 C0 01 02 52 02 10 00 81 02 10 01 21 02 10 0D 25 02 10 02 22 02 10 05 81 02 10 06 81 48 45 AF F2 12
12 38 00 C1 01 C0 02 01 52 01 10 00 81 01 00 00 01 10 01 21 01 00 01 01 10 0D 25 02 00 02 13 01 10 02 22 04 00 00 00 00 00 01 10 05 81 02 00 5B 13 01 10 06 81 01 00 01 E3 E9 F0 2B 12
12 16 00 AE 00 C0 01 03 01 07 10 11 00 82 40 42 0F 00 02 10 00 81 C5 6A E2 0B 12
12 1B 00 5C 01 C0 03 01 01 08 10 11 01 82 98 3A 00 00 00 00 01 10 00 81 01 00 00 71 76 13 64 12
12 21 00 53 01 C0 01 02 59 02 10 00 81 02 10 01 21 02 10 0D 25 02 10 02 22 02 10 05 81 02 10 06 81 87 AA DE FD 12
12 38 00 C1 01 C0 02 01 59 01 10 00 81 01 00 00 01 10 01 21 01 00 01 01 10 0D 25 02 00 02 13 01 10 02 22 04 00 00 00 00 00 01 10 05 81 02 00 5B 13 01 10 06 81 01 00 01 26 BC DC 5B 12
12 16 00 AE 00 C0 01 03 01 07 10 11 00 82 40 42 0F 00 02 10 00 81 C5 6A E2 0B 12
12 1B 00 5C 01 C0 03 01 01 08 10 11 01 82 98 3A 00 00 00 00 01 10 00 81 01 00 00 71 76 13 64 12
12 16 00 AE 00 C0 01 03 01 07 10 11 00 82 40 42 0F 00 02 10 00 81 C5 6A E2 0B 12
12 1B 00 5C 01 C0 03 01 01 08 10 11 01 82 98 3A 00 00 00 00 01 10 00 81 01 00 00 71 76 13 64 12
12 21 00 53 01 C0 01 02 60 02 10 00 81 02 10 01 21 02 10 0D 25 02 10 02 22 02 10 05 81 02 10 06 81 02 CD 24 DC 12
12 38 00 C1 01 C0 02 01 60 01 10 00 81 01 00 00 01 10 01 21 01 00 01 01 10 0D 25 02 00 02 13 01 10 02 22 04 00 00 00 00 00 01 10 05 81 02 00 5B 13 01 10 06 81 01 00 01 9D 73 96 E6 12
12 21 00 53 01 C0 01 02 63 02 10 00 81 02 10 01 21 02 10 0D 25 02 10 02 22 02 10 05 81 02 10 06 81 25 CA FA DE 12
12 38 00 C1 01 C0 02 01 63 01 10 00 81 01 00 00 01 10 01 21 01 00 01 01 10 0D 25 02 00 02 13 01 10 02 22 04 00 00 00 00 00 01 10 05 81 02 00 5B 13 01 10 06 81 01 00 01 F9 46 44 A0 12
12 16 00 AE 00 C0 01 03 01 07 10 11 00 82 40 42 0F 00 02 10 00 81 C5 6A E2 0B 12
12 1B 00 5C 01 C0 03 01 01 08 10 11 01 82 98 3A 00 00 00 00 01 10 00 81 01 00 00 71 76 13 64 12
12 21 00 53 01 C0 01 02 68 02 10 00 81 02 10 01 21 02 10 0D 25 02 10 02 22 02 10 05 81 02 10 06 81 EA 25 8B D1 12
12 38 00 C1 01 C0 02 01 68 01 10 00 81 01 00 00 01 10 01 21 01 00 01 01 10 0D 25 02 00 02 13 01 10 02 22 04 00 00 00 00 00 01 10 05 81 02 00 66 13 01 10 06 81 01 00 01 B9 34 16 0F 12
12 16 00 AE 00 C0 01 03 01 07 10 11 00 82 40 42 0F 00 02 10 00 81 C5 6A E2 0B 12
12 1B 00 5C 01 C0 03 01 01 08 10 11 01 82 98 3A 00 00 00 00 01 10 00 81 01 00 00 71 76 13 64 12
12 21 00 53 01 C0 01 02 6F 02 10 00 81 02 10 01 21 02 10 0D 25 02 10 02 22 02 10 05 81 02 10 06 81 B9 D6 82 D5 12
12 38 00 C1 01 C0 02 01 6F 01 10 00 81 01 00 00 01 10 01 21 01 00 01 01 10 0D 25 02 00 03 13 01 10 02 22 04 00 00 00 00 00 01 10 05 81 02 00 66 13 01 10 06 81 01 00 01 EC A9 8F D1 12
12 16 00 AE 00 C0 01 03 01 07 10 11 00 82 40 42 0F 00 02 10 00 81 C5 6A E2 0B 12
12 1B 00 5C 01 C0 03 01 01 08 10 11 01 82 98 3A 00 00 00 00 01 10 00 81 01 00 00 71 76 13 64 12
12 21 00 53 01 C0 01 02 76 02 10 00 81 02 10 01 21 02 10 0D 25 02 10 02 22 02 10 05 81 02 10 06 81 9C DB DE C7 C2 12
12 38 00 C1 01 C0 02 01 76 01 10 00 81 01 00 00 01 10 01 21 01 00 01 01 10 0D 25 02 00 03 13 01 10 02 22 04 00 00 00 00 00 01 10 05 81 02 00 66 13 01 10 06 81 01 00 01 D3 E4 3C B7 12
12 16 00 AE 00 C0 01 03 01 07 10 11 00 82 40 42 0F 00 02 10 00 81 C5 6A E2 0B 12
12 1B 00 5C 01 C0 03 01 01 08 10 11 01 82 98 3A 00 00 00 00 01 10 00 81 01 00 00 71 76 13 64 12
12 16 00 AE 00 C0 01 03 01 07 10 11 00 82 40 42 0F 00 02 10 00 81 C5 6A E2 0B 12
12 1B 00 5C 01 C0 03 01 01 08 10 11 01 82 98 3A 00 00 00 00 01 10 00 81 01 00 00 71 76 13 64 12
12 21 00 53 01 C0 01 02 7D 02 10 00 81 02 10 01 21 02 10 0D 25 02 10 02 22 02 10 05 81 02 10 06 81 53 FD B6 CD 12
12 38 00 C1 01 C0 02 01 7D 01 10 00 81 01 00 00 01 10 01 21 01 00 01 01 10 0D 25 02 00 03 13 01 10 02 22 04 00 00 00 00 00 01 10 05 81 02 00 66 13 01 10 06 81 01 00 01 16 B1 10 C7 12
12 21 00 53 01 C0 01 02 80 02 10 00 81 02 10 01 21 02 10 0D 25 02 10 02 22 02 10 05 81 02 10 06 81 62 A7 1A 5D 12
12 38 00 C1 01 C0 02 01 80 01 10 00 81 01 00 00 01 10 01 21 01 00 01 01 10 0D 25 02 00 03 13 01 10 02 22 04 00 00 00 00 00 01 10 05 81 02 00 66 13 01 10 06 81 01 00 01 06 C8 1B 39 12
12 16 00 AE 00 C0 01 03 01 07 10 11 00 82 40 42 0F 00 02 10 00 81 C5 6A E2 0B 12
12 1B 00 5C 01 C0 03 01 01 08 10 11 01 82 98 3A 00 00 00 00 01 10 00 81 01 00 00 71 76 13 64 12
12 21 00 53 01 C0 01 02 85 02 10 00 81 02 10 01 21 02 10 0D 25 02 10 02 22 02 10 05 81 02 10 06 81 0B AE 78 5A 12
12 38 00 C1 01 C0 02 01 85 01 10 00 81 01 00 00 01 10 01 21 01 00 01 01 10 0D 25 02 00 03 13 01 10 02 22 04 00 00 00 00 00 01 10 05 81 02 00 66 13 01 10 06 81 01 00 01 AA 97 6D F2 12
12 16 00 AE 00 C0 01 03 01 07 10 11 00 82 40 42 0F 00 02 10 00 81 C5 6A E2 0B 12
12 1B 00 5C 01 C0 03 01 01 08 10 11 01 82 98 3A 00 00 00 00 01 10 00 81 01 00 00 71 76 13 64 12
12 21 00 53 01 C0 01 02 8C 02 10 00 81 02 10 01 21 02 10 0D 25 02 10 02 22 02 10 05 81 02 10 06 81 FE BB 62 56 12
12 38 00 C1 01 C0 02 01 8C 01 10 00 81 01 00 00 01 10 01 21 01 00 00 01 10 0D 25 02 00 03 13 01 10 02 22 04 00 00 00 00 00 01 10 05 81 02 00 06 13 01 10 06 81 01 00 01 45 CB C3 81 12
12 16 00 AE 00 C0 01 03 01 07 10 11 00 82 40 42 0F 00 02 10 00 81 C5 6A E2 0B 12
12 1B 00 5C 01 C0 03 01 01 08 10 11 01 82 98 3A 00 00 00 00 01 10 00 81 01 00 00 71 76 13 64 12
12 21 00 53 01 C0 01 02 93 02 10 00 81 02 10 01 21 02 10 0D 25 02 10 02 22 02 10 05 81 02 10 06 81 95 71 9B 44 12
12 38 00 C1 01 C0 02 01 93 01 10 00 81 01 00 00 01 10 01 21 01 00 00 01 10 0D 25 02 00 03 13 01 10 02 22 04 00 00 00 00 00 01 10 05 81 02 00 06 13 01 10 06 81 01 00 01 B2 EC D4 6A 12
12 16 00 AE 00 C0 01 03 01 07 10 11 00 82 40 42 0F 00 02 10 00 81 C5 6A E2 0B 12
12 1B 00 5C 01 C0 03 01 01 08 10 11 01 82 98 3A 00 00 00 00 01 10 00 81 01 00 00 71 76 13 64 12
12 16 00 AE 00 C0 01 03 01 07 10 11 00 82 40 42 0F 00 02 10 00 81 C5 6A E2 0B 12
12 1B 00 5C 01 C0 03 01 01 08 10 11 01 82 98 3A 00 00 00 00 01 10 00 81 01 00 00 71 76 13 64 12
12 21 00 53 01 C0 01 02 9A 02 10 00 81 02 10 01 21 02 10 0D 25 02 10 02 22 02 10 05 81 02 10 06 81 60 64 81 48 12
12 38 00 C1 01 C0 02 01 9A 01 10 00 81 01 00 00 01 10 01 21 01 00 00 01 10 0D 25 02 00 03 13 01 10 02 22 04 00 00 00 00 00 01 10 05 81 02 00 B6 DB DE 01 10 06 81 01 00 01 CC A0 55 E5 12
12 21 00 53 01 C0 01 02 9D 02 10 00 81 02 10 01 21 02 10 0D 25 02 10 02 22 02 10 05 81 02 10 06 81 33 97 88 4C 12
12 38 00 C1 01 C0 02 01 9D 01 10 00 81 01 00 00 01 10 01 21 01 00 00 01 10 0D 25 02 00 03 13 01 10 02 22 04 00 00 00 00 00 01 10 05 81 02 00 B6 DB DE 01 10 06 81 01 00 01 D8 26 40 55 12
12 16 00 AE 00 C0 01 03 01 07 10 11 00 82 40 42 0F 00 02 10 00 81 C5 6A E2 0B 12
12 1B 00 5C 01 C0 03 01 01 08 10 11 01 82 98 3A 00 00 00 00 01 10 00 81 01 00 00 71 76 13 64 12
12 21 00 53 01 C0 01 02 A2 02 10 00 81 02 10 01 21 02 10 0D 25 02 10 02 22 02 10 05 81 02 10 06 81 F8 FE CE 68 12
12 38 00 C1 01 C0 02 01 A2 01 10 00 81 01 00 00 01 10 01 21 01 00 00 01 10 0D 25 02 00 03 13 01 10 02 22 04 00 00 00 00 00 01 10 05 81 02 00 B6 DB DE 01 10 06 81 01 00 01 AB 83 AE 65 12
12 16 00 AE 00 C0 01 03 01 07 10 11 00 82 40 42 0F 00 02 10 00 81 C5 6A E2 0B 12
12 1B 00 5C 01 C0 03 01 01 08 10 11 01 82 98 3A 00 00 00 00 01 10 00 81 01 00 00 71 76 13 64 12
12 21 00 53 01 C0 01 02 A9 02 10 00 81 02 10 01 21 02 10 0D 25 02 10 02 22 02 10 05 81 02 10 06 81 37 11 BF 67 12
12 38 00 C1 01 C0 02 01 A9 01 10 00 81 01 00 00 01 10 01 21 01 00 00 01 10 0D 25 02 00 03 13 01 10 02 22 04 00 00 00 00 00 01 10 05 81 02 00 AC DB DE 01 10 06 81 01 00 01 81 1E 6C 2C 12
12 16 00 AE 00 C0 01 03 01 07 10 11 00 82 40 42 0F 00 02 10 00 81 C5 6A E2 0B 12
12 1B 00 5C 01 C0 03 01 01 08 10 11 01 82 98 3A 00 00 00 00 01 10 00 81 01 00 00 71 76 13 64 12
12 21 00 53 01 C0 01 02 B0 02 10 00 81 02 10 01 21 02 10 0D 25 02 10 02 22 02 10 05 81 02 10 06 81 DB DE D5 FA 70 12
12 16 00 AE 00 C0 01 03 01 07 10 11 00 82 40 42 0F 00 02 10 00 81 C5 6A E2 0B 12
12 1B 00 5C 01 C0 03 01 01 08 10 11 01 82 20 DB DE 0A 00 00 00 01 10 00 81 01 00 01 A9 82 BE 65 12
12 21 00 53 01 C0 01 02 B3 02 10 00 81 02 10 01 21 02 10 0D 25 02 10 02 22 02 10 05 81 02 10 06 81 35 D2 24 72 12
12 38 00 C1 01 C0 02 01 B3 01 10 00 81 01 00 01 01 10 01 21 01 00 00 01 10 0D 25 02 00 03 13 01 10 02 22 04 00 00 00 00 00 01 10 05 81 02 00 AC DB DE 01 10 06 81 01 00 01 7B F6 1A E4 12
12 21 00 53 01 C0 01 02 B5 02 10 00 81 02 10 01 21 02 10 0D 25 02 10 02 22 02 10 05 81 02 10 06 81 7B DC 98 77 12
12 38 00 C1 01 C0 02 01 B5 01 10 00 81 01 00 01 01 10 01 21 01 00 00 01 10 0D 25 02 00 03 13 01 10 02 22 04 00 00 00 00 00 01 10 05 81 02 00 AC DB DE 01 10 06 81 01 00 01 B3 9C BE 69 12
12 16 00 AE 00 C0 01 03 01 07 10 11 00 82 40 42 0F 00 02 10 00 81 C5 6A E2 0B 12
12 1B 00 5C 01 C0 03 01 01 08 10 11 01 82 20 DB DE 0A 00 00 00 01 10 00 81 01 00 00 E8 B3 A5 7C 12
12 21 00 53 01 C0 01 02 B9 02 10 00 81 02 10 01 21 02 10 0D 25 02 10 02 22 02 10 05 81 02 10 06 81 E7 C0 E0 7C 12
12 38 00 C1 01 C0 02 01 B9 01 10 00 81 01 00 00 01 10 01 21 01 00 00 01 10 0D 25 02 00 02 13 01 10 02 22 04 00 73 04 00 00 01 10 05 81 02 00 AC DB DE 01 10 06 81 01 00 01 1B 34 2C FF 12
12 21 00 53 01 C0 01 02 BC 02 10 00 81 02 10 01 21 02 10 0D 25 02 10 02 22 02 10 05 81 02 10 06 81 8E C9 82 7B 12
12 38 00 C1 01 C0 02 01 BC 01 10 00 81 01 00 00 01 10 01 21 01 00 00 01 10 0D 25 02 00 02 13 01 10 02 22 04 00 73 04 00 00 01 10 05 81 02 00 AC DB DE 01 10 06 81 01 00 01 B7 6B 5A 34 12
12 16 00 AE 00 C0 01 03 01 07 10 11 00 82 40 42 0F 00 02 10 00 81 C5 6A E2 0B 12
12 1B 00 5C 01 C0 03 01 01 08 10 11 01 82 20 DB DE 0A 00 00 00 01 10 00 81 01 00 00 E8 B3 A5 7C 12
12 21 00 53 01 C0 01 02 C1 02 10 00 81 02 10 01 21 02 10 0D 25 02 10 02 22 02 10 05 81 02 10 06 81 3F 1D D0 31 12
12 38 00 C1 01 C0 02 01 C1 01 10 00 81 01 00 00 01 10 01 21 01 00 00 01 10 0D 25 02 00 01 13 01 10 02 22 04 00 00 00 00 00 01 10 05 81 02 00 AC DB DE 01 10 06 81 01 00 01 6F C9 F1 70 12
12 16 00 AE 00 C0 01 03 01 07 10 11 00 82 40 42 0F 00 02 10 00 81 C5 6A E2 0B 12
12 1B 00 5C 01 C0 03 01 01 08 10 11 01 82 20 DB DE 0A 00 00 00 01 10 00 81 01 00 00 E8 B3 A5 7C 12
12 21 00 53 01 C0 01 02 C8 02 10 00 81 02 10 01 21 02 10 0D 25 02 10 02 22 02 10 05 81 02 10 06 81 CA 08 CA 3D 12
12 38 00 C1 01 C0 02 01 C8 01 10 00 81 01 00 00 01 10 01 21 01 00 00 01 10 0D 25 02 00 01 13 01 10 02 22 04 00 00 00 00 00 01 10 05 81 02 00 8E DB DE 01 10 06 81 01 00 01 37 EF B9 D7 12
12 16 00 AE 00 C0 01 03 01 07 10 11 00 82 40 42 0F 00 02 10 00 81 C5 6A E2 0B 12
12 1B 00 5C 01 C0 03 01 01 08 10 11 01 82 20 DB DE 0A 00 00 00 01 10 00 81 01 00 00 E8 B3 A5 7C 12
12 21 00 53 01 C0 01 02 CF 02 10 00 81 02 10 01 21 02 10 0D 25 02 10 02 22 02 10 05 81 02 10 06 81 99 FB C3 39 12
12 38 00 C1 01 C0 02 01 CF 01 10 00 81 01 00 00 01 10 01 21 01 00 00 01 10 0D 25 02 00 01 13 01 10 02 22 04 00 00 00 00 00 01 10 05 81 02 00 8E DB DE 01 10 06 81 01 00 01 23 69 AC 67 12
12 16 00 AE 00 C0 01 03 01 07 10 11 00 82 40 42 0F 00 02 10 00 81 C5 6A E2 0B 12
12 1B 00 5C 01 C0 03 01 01 08 10 11 01 82 20 DB DE 0A 00 00 00 01 10 00 81 01 00 00 E8 B3 A5 7C 12
12 16 00 AE 00 C0 01 03 01 07 10 11 00 82 40 42 0F 00 02 10 00 81 C5 6A E2 0B 12
12 1B 00 5C 01 C0 03 01 01 08 10 11 01 82 20 DB DE 0A 00 00 00 01 10 00 81 01 00 00 E8 B3 A5 7C 12
12 21 00 53 01 C0 01 02 D6 02 10 00 81 02 10 01 21 02 10 0D 25 02 10 02 22 02 10 05 81 02 10 06 81 BC 3F 86 2E 12
12 38 00 C1 01 C0 02 01 D6 01 10 00 81 01 00 00 01 10 01 21 01 00 00 01 10 0D 25 02 00 01 13 01 10 02 22 04 00 00 00 00 00 01 10 05 81 02 00 8E DB DE 01 10 06 81 01 00 01 1C 24 1F 01 12
12 16 00 AE 00 C0 01 03 01 07 10 11 00 82 40 42 0F 00 02 10 00 81 C5 6A E2 0B 12
12 1B 00 5C 01 C0 03 01 01 08 10 11 01 82 20 DB DE 0A 00 00 00 01 10 00 81 01 00 00 E8 B3 A5 7C 12
12 21 00 53 01 C0 01 02 DD 02 10 00 81 02 10 01 21 02 10 0D 25 02 10 02 22 02 10 05 81 02 10 06 81 73 D0 F7 21 12
12 38 00 C1 01 C0 02 01 DD 01 10 00 81 01 00 00 01 10 01 21 01 00 00 01 10 0D 25 02 00 01 13 01 10 02 22 04 00 00 00 00 00 01 10 05 81 02 00 8E DB DE 01 10 06 81 01 00 01 D9 71 33 71 12
12 16 00 AE 00 C0 01 03 01 07 10 11 00 82 40 42 0F 00 02 10 00 81 C5 6A E2 0B 12
12 1B 00 5C 01 C0 03 01 01 08 10 11 01 82 20 DB DE 0A 00 00 00 01 10 00 81 01 00 01 A9 82 BE 65 12
12 21 00 53 01 C0 01 02 E4 02 10 00 81 02 10 01 21 02 10 0D 25 02 10 02 22 02 10 05 81 02 10 06 81 F6 B7 0D 00 12
12 38 00 C1 01 C0 02 01 E4 01 10 00 81 01 00 01 01 10 01 21 01 00 00 01 10 0D 25 02 00 01 13 01 10 02 22 04 00 00 00 00 00 01 10 05 81 02 00 8E DB DE 01 10 06 81 01 00 01 C3 2E 6E 24 12
12 21 00 53 01 C0 01 02 E7 02 10 00 81 02 10 01 21 02 10 0D 25 02 10 02 22 02 10 05 81 02 10 06 81 D1 B0 D3 02 12
12 38 00 C1 01 C0 02 01 E7 01 10 00 81 01 40 E0 14 00 0E 00 C0 00 03 00 07 00 11 00 82 40 40 0F 00 02 10 00 81 85 40 E0 0B 12 DB DE 01 10 06 81 01 00 01 A7 1B BC 62 12
12 21 00 53 01 C0 01 02 EC 02 10 00 81 02 10 01 21 02 10 0D 25 02 10 02 22 02 10 05 81 02 10 06 81 1E 5F A2 0D 12
12 38 00 C1 01 C0 02 01 EC 01 10 00 81 01 00 01 01 10 01 21 01 00 00 01 10 0D 25 02 00 00 13 01 10 02 22 04 00 0C 03 00 00 01 10 05 81 02 00 8E DB DE 01 10 06 81 01 00 01 26 98 53 76 12
12 16 00 AE 00 C0 01 03 01 07 10 11 00 82 40 42 0F 00 02 10 00 81 C5 6A E2 0B 12
12 1B 00 5C 01 C0 03 01 01 08 10 11 01 82 20 DB DE 0A 00 00 00 01 10 00 81 01 00 01 A9 82 BE 65 12
12 16 00 AE 00 C0 01 03 01 07 10 11 00 82 40 42 0F 00 02 10 00 81 C5 6A E2 0B 12
12 1B 00 5C 01 C0 03 01 01 08 10 11 01 82 20 DB DE 0A 00 00 00 01 10 00 81 01 00 00 E8 B3 A5 7C 12
12 21 00 53 01 C0 01 02 F3 02 10 00 81 02 10 01 21 02 10 0D 25 02 10 02 22 02 10 05 81 02 10 06 81 75 95 5B 1F 12
12 38 00 C1 01 C0 02 01 F3 01 10 00 81 01 00 00 01 10 01 21 01 00 00 01 10 0D 25 02 00 FF DB DE 01 10 02 22 04 00 00 00 00 00 01 10 05 81 02 00 8E DB DE 01 10 06 81 01 00 01 6F D2 5E 56 12
12 16 00 AE 00 C0 01 03 01 07 10 11 00 82 40 42 0F 00 02 10 00 81 C5 6A E2 0B 12
12 1B 00 5C 01 C0 03 01 01 08 10 11 01 82 20 DB DE 0A 00 00 00 01 10 00 81 01 00 00 E8 B3 A5 7C 12
12 21 00 53 01 C0 01 02 FA 02 10 00 81 02 10 01 21 02 10 0D 25 02 10 02 22 02 10 05 81 02 10 06 81 80 80 41 13 12
12 38 00 C1 01 C0 02 01 FA 01 10 00 81 01 00 00 01 10 01 21 01 00 00 01 10 0D 25 02 00 FF DB DE 01 10 02 22 04 00 00 00 00 00 01 10 05 81 02 00 CC 10 01 10 06 81 01 00 01 EE 72 50 EF 12
12 16 00 AE 00 C0 01 03 01 07 10 11 00 82 40 42 0F 00 02 10 00 81 C5 6A E2 0B 12
12 1B 00 5C 01 C0 03 01 01 08 10 11 01 82 20 DB DE 0A 00 00 00 01 10 00 81 01 00 00 E8 B3 A5 7C 12
12 21 00 53 01 C0 01 02 02 02 10 00 81 02 10 01 21 02 10 0D 25 02 10 02 22 02 10 05 81 02 10 06 81 D8 D3 8F 84 12
12 38 00 C1 01 C0 02 01 02 01 10 00 81 01 00 00 01 10 01 21 01 00 00 01 10 0D 25 02 00 FE DB DE 01 10 02 22 04 00 00 00 00 00 01 10 05 81 02 00 CC 10 01 10 06 81 01 00 01 13 4F A1 B4 12
12 16 00 AE 00 C0 01 03 01 07 10 11 00 82 40 42 0F 00 02 10 00 81 C5 6A E2 0B 12
12 1B 00 5C 01 C0 03 01 01 08 10 11 01 82 20 DB DE 0A 00 00 00 01 10 00 81 01 00 00 E8 B3 A5 7C 12
12 21 00 53 01 C0 01 02 09 02 10 00 81 02 10 01 21 02 10 0D 25 02 10 02 22 02 10 05 81 02 10 06 81 17 3C FE 8B 12
12 14 00 AE 00 C0 01 03 00 07 00 11 00 82 40 42 0E 00 00 10 00 81 85 48 C2 0B 02 FE DB DE 01 10 02 22 04 00 00 00 00 00 01 10 05 81 02 00 CC 10 01 10 06 81 01 00 01 D6 1A 8D C4 12
12 21 00 53 01 C0 01 02 0C 02 10 00 81 02 10 01 21 02 10 0D 25 02 10 02 22 02 10 05 81 02 10 06 81 7E 35 9C 8C 12
12 38 00 C1 01 C0 02 01 0C 01 10 00 81 01 00 00 01 10 01 21 01 00 00 01 10 0D 25 02 00 FE DB DE 01 10 02 22 04 00 00 00 00 00 01 10 05 81 02 00 CC 10 01 10 06 81 01 00 01 7A 45 FB 0F 12
12 16 00 AE 00 C0 01 03 01 07 10 11 00 82 40 42 0F 00 02 10 00 81 C5 6A E2 0B 12
12 1B 00 5C 01 C0 03 01 01 08 10 11 01 82 20 DB DE 0A 00 00 00 01 10 00 81 01 00 00 E8 B3 A5 7C 12
12 21 00 53 01 C0 01 02 11 02 10 00 81 02 10 01 21 02 10 0D 25 02 10 02 22 02 10 05 81 02 10 06 81 2F 05 0E 9D 12
12 38 00 C1 01 C0 02 01 11 01 10 00 81 01 00 00 01 10 01 21 01 00 00 01 10 0D 25 02 00 FE DB DE 01 10 02 22 04 00 00 00 00 00 01 10 05 81 02 00 CC 10 01 10 06 81 01 00 01 35 BB 8F 9F 12
12 16 00 AE 00 C0 01 03 01 07 10 11 00 82 40 42 0F 00 02 10 00 81 C5 6A E2 0B 12
12 1B 00 5C 01 C0 03 01 01 08 10 11 01 82 20 DB DE 0A 00 00 00 01 10 00 81 01 00 00 E8 B3 A5 7C 12
12 21 00 53 01 C0 01 02 18 02 10 00 81 02 10 01 21 02 10 0D 25 02 10 02 22 02 10 05 81 02 10 06 81 DA 10 14 91 12
12 38 00 C1 01 C0 02 01 18 01 10 00 81 01 00 00 01 10 01 21 01 00 00 01 10 0D 25 02 00 FE DB DE 01 10 02 22 04 00 00 00 00 00 01 10 05 81 02 00 CC 10 01 10 06 81 01 00 01 48 37 C0 94 12
12 16 00 AE 00 C0 01 03 01 07 10 11 00 82 40 42 0F 00 02 10 00 81 C5 6A E2 0B 12
12 1B 00 5C 01 C0 03 01 01 08 10 11 01 82 20 DB DE 0A 00 00 00 01 10 00 81 01 00 00 E8 B3 A5 7C 12
12 21 00 53 01 C0 01 02 1F 02 10 00 81 02 10 01 21 02 10 0D 25 02 10 02 22 02 10 05 81 02 10 06 81 89 E3 1D 95 12
12 38 00 C1 01 C0 02 01 1F 01 10 00 81 01 00 00 01 10 01 21 01 00 00 01 10 0D 25 02 00 FE DB DE 01 10 02 22 04 00 00 00 00 00 01 10 05 81 02 00 CC 10 01 10 06 81 01 00 01 5C B1 D5 24 12
12 16 00 AE 00 C0 01 03 01 07 10 11 00 82 40 42 0F 00 02 10 00 81 C5 6A E2 0B 12
12 1B 00 5C 01 C0 03 01 01 08 10 11 01 82 20 DB DE 0A 00 00 00 01 10 00 81 01 00 00 E8 B3 A5 7C 12
12 21 00 53 01 C0 01 02 26 02 10 00 81 02 10 01 21 02 10 0D 25 02 10 02 22 02 10 05 81 02 10 06 81 0C 84 E7 B4 12
12 16 00 AE 00 C0 01 03 01 07 10 11 00 82 40 42 0F 00 02 10 00 81 C5 6A E2 0B 12
12 1B 00 5C 01 C0 03 01 01 08 10 11 01 82 20 DB DE 0A 00 00 00 01 10 00 81 01 00 00 E8 B3 A5 7C 12
12 21 00 53 01 C0 01 02 29 02 10 00 81 02 10 01 21 02 10 0D 25 02 10 02 22 02 10 05 81 02 10 06 81 B7 9F 41 BD 12
12 38 00 C1 01 C0 02 01 29 01 10 00 81 01 00 00 01 10 01 21 01 00 00 01 10 0D 25 02 00 FE DB DE 01 10 02 22 04 00 00 00 00 00 01 10 05 81 02 00 CC 10 01 10 06 81 01 00 01 52 98 74 1F 12
12 16 00 AE 00 C0 01 03 01 07 10 11 00 82 40 42 0F 00 02 10 00 81 C5 6A E2 0B 12
12 1B 00 5C 01 C0 03 01 01 08 10 11 01 82 20 DB DE 0A 00 00 00 01 10 00 81 01 00 00 E8 B3 A5 7C 12
12 21 00 53 01 C0 01 02 2E 02 10 00 81 02 10 01 21 02 10 0D 25 02 10 02 22 02 10 05 81 02 10 06 81 E4 6C 48 B9 12
12 38 00 C1 01 C0 02 01 2E 01 10 00 81 01 00 00 01 10 01 21 01 00 00 01 10 0D 25 02 00 FE DB DE 01 10 02 22 04 00 00 00 00 00 01 10 05 81 02 00 CC 10 01 10 06 81 01 00 01 46 1E 61 AF 12
12 16 00 AE 00 C0 01 03 01 07 10 11 00 82 40 42 0F 00 02 10 00 81 C5 6A E2 0B 12
12 1B 00 5C 01 C0 03 01 01 08 10 11 01 82 20 DB DE 0A 00 00 00 01 10 00 81 01 00 00 E8 B3 A5 7C 12
12 21 00 53 01 C0 01 02 35 02 10 00 81 02 10 01 21 02 10 0D 25 02 10 02 22 02 10 05 81 02 10 06 81 FB 52 66 AD 12
12 38 00 C1 01 C0 02 01 35 01 10 00 81 01 00 00 01 10 01 21 01 00 00 01 10 0D 25 02 00 FE DB DE 01 10 02 22 04 00 00 00 00 00 01 10 05 81 02 00 CC 10 01 10 06 81 01 00 01 C1 8A B1 B2 12 