12
12 21 00 53 01 C0 01 02 DD 02 10 00 81 02 10 01 21 02 10 0D 25 02 10 02 22 02 10 05 81 02 10 06 81 73 D0 F7 21 12
12 12
12 38 00 C1 01 C0 02 01 DD 01 10 00 81 01 00 00 01 10 01 21 01 00 00 01 10 0D 25 02 00 AD 26 01 10 02 22 04 00 00 00 00 00 01 10 05 81 02 00 C1 20 01 10 06 81 01 00 01 81 89 E2 DE 12
12 12
12 16 00 AE 00 C0 01 03 01 07 10 11 00 82 40 42 0F 00 02 10 00 81 C5 6A E2 0B 12
12 12
12 1B 00 5C 01 C0 03 01 01 08 10 11 01 82 98 3A 00 00 00 00 01 10 00 81 01 00 00 71 76 13 64 12
12 12
12 16 00 AE 00 C0 01 03 01 07 10 11 00 82 40 42 0F 00 02 10 00 81 C5 6A E2 0B 12
12 12
12 1B 00 5C 01 C0 03 01 01 08 10 11 01 82 98 3A 00 00 00 00 01 10 00 81 01 00 00 71 76 13 64 12
12 12
12 21 00 53 01 C0 01 02 E4 02 10 00 81 02 10 01 21 02 10 0D 25 02 10 02 22 02 10 05 81 02 10 06 81 F6 B7 0D 00 12
12 12
12 38 00 C1 01 C0 02 01 E4 01 10 00 81 01 00 00 01 10 01 21 01 00 00 01 10 0D 25 02 00 AD 26 01 10 02 22 04 00 00 00 00 00 01 10 05 81 02 00 C1 20 01 10 06 81 01 00 01 3A 46 A8 63 12
12 12
12 21 00 53 01 C0 01 02 E7 02 10 00 81 02 10 01 21 02 10 0D 25 02 10 02 22 02 10 05 81 02 10 06 81 D1 B0 D3 02 12
12 12
12 38 00 C1 01 C0 02 01 E7 01 10 00 81 01 00 00 01 10 01 21 01 00 00 01 10 0D 25 02 00 AD 26 01 10 02 22 04 00 00 00 00 00 01 10 05 81 02 00 C1 20 01 10 06 81 01 00 01 5E 73 7A 25 12
12 12
12 16 00 AE 00 C0 01 03 01 07 10 11 00 82 40 42 0F 00 02 10 00 81 C5 6A E2 0B 12
12 12
12 1B 00 5C 01 C0 03 01 01 08 10 11 01 82 98 3A 00 00 00 00 01 10 00 81 01 00 00 71 76 13 64 12
12 12
12 21 00 53 01 C0 01 02 EC 02 10 00 81 02 10 01 21 02 10 0D 25 02 10 02 22 02 10 05 81 02 10 06 81 1E 5F A2 0D 12
12 12
12 38 00 C1 01 C0 02 01 EC 01 10 00 81 01 00 00 01 10 01 21 01 00 00 01 10 0D 25 02 00 AD 26 01 10 02 22 04 00 00 00 00 00 01 10 05 81 02 00 C1 20 01 10 06 81 01 00 01 9B 26 56 55 12
12 12
12 16 00 AE 00 C0 01 03 01 07 10 11 00 82 40 42 0F 00 02 10 00 81 C5 6A E2 0B 12
12 12
12 1B 00 5C 01 C0 03 01 01 08 10 11 01 82 98 3A 00 00 00 00 01 10 00 81 01 00 00 71 76 13 64 12
12 12
12 21 00 53 01 C0 01 02 F3 02 10 00 81 02 10 01 21 02 10 0D 25 02 10 02 22 02 10 05 81 02 10 06 81 75 95 5B 1F 12
12 12
12 38 00 C1 01 C0 02 01 F3 01 10 00 81 01 00 00 01 10 01 21 01 00 00 01 10 0D 25 02 00 AD 26 01 10 02 22 04 00 00 00 00 00 01 10 05 81 02 00 C1 20 01 10 06 81 01 00 01 6C 01 41 BE 12
12 12
12 16 00 AE 00 C0 01 03 01 07 10 11 00 82 40 42 0F 00 02 10 00 81 C5 6A E2 0B 12
12 12
12 1B 00 5C 01 C0 03 01 01 08 10 11 01 82 98 3A 00 00 00 00 01 10 00 81 01 00 00 71 76 13 64 12
12 12
12 21 00 53 01 C0 01 02 FA 02 10 00 81 02 10 01 21 02 10 0D 25 02 10 02 22 02 10 05 81 02 10 06 81 80 80 41 13 12
12 12
12 38 00 C1 01 C0 02 01 FA 01 10 00 81 01 00 00 01 10 01 21 01 00 00 01 10 0D 25 02 00 AD 26 01 10 02 22 04 00 00 00 00 00 01 10 05 81 02 00 C1 20 01 10 06 81 01 00 01 11 8D 0E B5 12
12 12
12 16 00 AE 00 C0 01 03 01 07 10 11 00 82 40 42 0F 00 02 10 00 81 C5 6A E2 0B 12
12 12
12 1B 00 5C 01 C0 03 01 01 08 10 11 01 82 98 3A 00 00 00 00 01 10 00 81 01 00 00 71 76 13 64 12
12 12
12 16 00 AE 00 C0 01 03 01 07 10 11 00 82 40 42 0F 00 02 10 00 81 C5 6A E2 0B 12
12 12
12 21 00 53 01 C0 01 02 02 02 10 00 81 02 10 01 21 02 10 0D 25 02 10 02 22 02 10 05 81 02 10 06 81 D8 D3 8F 84 12
12 12
12 38 00 C1 01 C0 02 01 02 01 10 00 81 01 00 01 01 10 01 21 01 00 00 01 10 0D 25 02 00 AD 26 01 10 02 22 04 00 00 00 00 00 01 10 05 81 02 00 C1 20 01 10 06 81 01 00 01 0C 3B 64 68 12
12 12
12 21 00 53 01 C0 01 02 05 02 10 00 81 02 10 01 21 02 10 0D 25 02 10 02 22 02 10 05 81 02 10 06 81 8B 20 86 80 12
12 12
12 38 00 C1 01 C0 02 01 05 01 10 00 81 01 00 01 01 10 01 21 01 00 00 01 10 0D 25 02 00 AD 26 01 10 02 22 04 00 00 00 00 00 01 10 05 81 02 00 C1 20 01 10 06 81 01 00 01 18 BD 71 D8 12
12 12
12 16 00 AE 00 C0 01 03 01 07 10 11 00 82 40 42 0F 00 02 10 00 81 C5 6A E2 0B 12
12 12
12 1B 00 5C 01 C0 03 01 01 08 10 11 01 82 20 DB DE 0A 00 00 00 01 10 00 81 01 00 01 A9 82 BE 65 12
12 12
12 21 00 53 01 C0 01 02 0A 02 10 00 81 02 10 01 21 02 10 0D 25 02 10 02 22 02 10 05 81 02 10 06 81 30 3B 20 89 12
12 12
12 38 00 C1 01 C0 02 01 0A 01 10 00 81 01 00 01 01 10 01 21 01 00 00 01 10 0D 25 02 00 AD 26 01 10 02 22 04 00 00 00 00 00 01 10 05 81 02 00 C1 20 01 10 06 81 01 00 01 AD 5B 9A 5E 12
12 12
12 16 00 AE 00 C0 01 03 01 07 10 11 00 82 40 42 0F 00 02 10 00 81 C5 6A E2 0B 12
12 12
12 1B 00 5C 01 C0 03 01 01 08 10 11 01 82 20 DB DE 0A 00 00 00 01 10 00 81 01 00 01 A9 82 BE 65 12
12 12
12 21 00 53 01 C0 01 02 11 02 10 00 81 02 10 01 21 02 10 0D 25 02 10 02 22 02 10 05 81 02 10 06 81 2F 05 0E 9D 12
12 12
12 38 00 C1 01 C0 02 01 11 01 10 00 81 01 00 01 01 10 01 21 01 00 00 01 10 0D 25 02 00 AD 26 01 10 02 22 04 00 F0 1A 00 00 01 10 05 81 02 00 C1 20 01 10 06 81 01 00 01 DB DD 2F B3 9D 12
12 12
12 16 00 AE 00 C0 01 03 01 07 10 11 00 82 40 42 0F 00 02 10 00 81 C5 6A E2 0B 12
12 12
12 1B 00 5C 01 C0 03 01 01 08 10 11 01 82 20 DB DE 0A 00 00 00 01 10 00 81 01 00 01 A9 82 BE 65 12
12 12
12 21 00 53 01 C0 01 02 18 02 10 00 81 02 10 01 21 02 10 0D 25 02 10 02 22 02 10 05 81 02 10 06 81 DA 10 14 91 12
12 12
12 38 00 C1 01 C0 02 01 18 01 10 00 81 01 00 01 01 10 01 21 01 00 00 01 10 0D 25 02 00 AC 26 01 10 02 22 04 00 B8 06 00 00 01 10 05 81 02 00 C1 20 01 10 06 81 01 00 01 58 6C 83 8E 12
12 12
12 16 00 AE 00 C0 01 03 01 07 10 11 00 82 40 42 0F 00 02 10 00 81 C5 6A E2 0B 12
12 12
12 1B 00 5C 01 C0 03 01 01 08 10 11 01 82 20 DB DE 0A 00 00 00 01 10 00 81 01 00 01 A9 82 BE 65 12
12 12
12 16 00 AE 00 C0 01 03 01 07 10 11 00 82 40 42 0F 00 02 10 00 81 C5 6A E2 0B 12
12 12
12 1B 00 5C 01 C0 03 01 01 08 10 11 01 82 20 DB DE 0A 00 00 00 01 10 00 81 01 00 01 A9 82 BE 65 12
12 12
12 21 00 53 01 C0 01 02 1F 02 10 00 81 02 10 01 21 02 10 0D 25 02 10 02 22 02 10 05 81 02 10 06 81 89 E3 1D 95 12
12 12
12 38 00 C1 01 C0 02 01 1F 01 10 00 81 01 00 01 01 10 01 21 01 00 00 01 10 0D 25 02 00 AB 26 01 10 02 22 04 00 93 09 00 00 01 10 05 81 02 00 C1 20 01 10 06 81 01 00 01 9A E5 4F 96 12
12 12
12 21 00 53 01 C0 01 02 22 02 10 00 81 02 10 01 21 02 10 0D 25 02 10 02 22 02 10 05 81 02 10 06 81 78 70 30 B2 12
12 12
12 38 00 C1 01 C0 02 01 22 01 10 00 81 01 00 01 01 10 01 21 01 00 00 01 10 0D 25 02 00 AA 26 01 10 02 22 04 00 78 09 00 00 01 10 05 81 02 00 C1 20 01 10 06 81 01 00 01 50 5B 24 E8 12
12 12
12 16 00 AE 00 C0 01 03 01 07 10 11 00 82 40 42 0F 00 02 10 00 81 C5 6A E2 0B 12
12 12
12 1B 00 5C 01 C0 03 01 01 08 10 11 01 82 20 DB DE 0A 00 00 00 01 10 00 81 01 00 01 A9 82 BE 65 12
12 12
12 21 00 53 01 C0 01 02 27 02 10 00 81 02 10 01 21 02 10 0D 25 02 10 02 22 02 10 05 81 02 10 06 81 11 79 52 B5 12
12 12
12 38 00 C1 01 C0 02 01 27 01 10 00 81 01 00 01 01 10 01 21 01 00 00 01 10 0D 25 02 00 AA 26 01 10 02 22 04 00 78 09 00 00 01 10 05 81 02 00 C1 20 01 10 06 81 01 00 01 FC 04 52 23 12
12 12
12 16 00 AE 00 C0 01 03 01 07 10 11 00 82 40 42 0F 00 02 10 00 81 C5 6A E2 0B 12
12 12
12 1B 00 5C 01 C0 03 01 01 08 10 11 01 82 20 DB DE 0A 00 00 00 01 10 00 81 01 00 01 A9 82 BE 65 12
12 12
12 21 00 53 01 C0 01 02 2E 02 10 00 81 02 10 01 21 02 10 0D 25 02 10 02 22 02 10 05 81 02 10 06 81 E4 6C 48 B9 12
12 12
12 38 00 C1 01 C0 02 01 2E 01 10 00 81 01 00 01 01 10 01 21 01 00 00 01 10 0D 25 02 00 A9 26 01 10 02 22 04 00 47 09 00 00 01 10 05 81 02 00 C1 20 01 10 06 81 01 00 01 92 7E D0 ED 12
12 12
12 16 00 AE 00 C0 01 03 01 07 10 11 00 82 40 42 0F 00 02 10 00 81 C5 6A E2 0B 12
12 12
12 1B 00 5C 01 C0 03 01 01 08 10 11 01 82 20 DB DE 0A 00 00 00 01 10 00 81 01 00 01 A9 82 BE 65 12
12 12
12 21 00 53 01 C0 01 02 35 02 10 00 81 02 10 01 21 02 10 0D 25 02 10 02 22 02 10 05 81 02 10 06 81 FB 52 66 AD 12
12 12
12 38 00 C1 01 C0 02 01 35 01 10 00 81 01 00 01 01 10 01 21 01 00 00 01 10 0D 25 02 00 A8 26 01 10 02 22 04 00 30 09 00 00 01 10 05 81 02 00 C1 20 01 10 06 81 01 00 01 29 DB DD 7C AC 12
12 12
12 16 00 AE 00 C0 01 03 01 07 10 11 00 82 40 42 0F 00 02 10 00 81 C5 6A E2 0B 12
12 12
12 1B 00 5C 01 C0 03 01 01 08 10 11 01 82 20 DB DE 0A 00 00 00 01 10 00 81 01 00 01 A9 82 BE 65 12
12 12
12 16 00 AE 00 C0 01 03 01 07 10 11 00 82 40 42 0F 00 02 10 00 81 C5 6A E2 0B 12
12 12
12 1B 00 5C 01 C0 03 01 01 08 10 11 01 82 20 DB DE 0A 00 00 00 01 10 00 81 01 00 01 A9 82 BE 65 12
12 12
12 21 00 53 01 C0 01 02 3C 02 10 00 81 02 10 01 21 02 10 0D 25 02 10 02 22 02 10 05 81 02 10 06 81 0E 47 7C A1 12
12 12
12 38 00 C1 01 C0 02 01 3C 01 10 00 81 01 00 01 01 10 01 21 01 00 00 01 10 0D 25 02 00 A6 26 01 10 02 22 04 00 0C 09 00 00 01 10 05 81 02 00 C1 20 01 10 06 81 01 00 01 60 81 E7 0C 12
12 12
12 21 00 53 01 C0 01 02 3F 02 10 00 81 02 10 01 21 02 10 0D 25 02 10 02 22 02 10 05 81 02 10 06 81 29 40 A2 A3 12
12 12
12 38 00 C1 01 C0 02 01 3F 01 10 00 81 01 00 01 01 10 01 21 01 00 00 01 10 0D 25 02 00 A6 26 01 10 02 22 04 00 0C 09 00 00 01 10 05 81 02 00 C1 20 01 10 06 81 01 00 01 04 B4 35 4A 12
12 12
12 16 00 AE 00 C0 01 03 01 07 10 11 00 82 40 42 0F 00 02 10 00 81 C5 6A E2 0B 12
12 12
12 1B 00 5C 01 C0 03 01 01 08 10 11 01 82 20 DB DE 0A 00 00 00 01 10 00 81 01 00 01 A9 82 BE 65 12
12 12
12 21 00 53 01 C0 01 02 44 02 10 00 81 02 10 01 21 02 10 0D 25 02 10 02 22 02 10 05 81 02 10 06 81 D6 9A 4C EC 12
12 12
12 38 00 C1 01 C0 02 01 44 01 10 00 81 01 00 01 01 10 01 21 01 00 00 01 10 0D 25 02 00 A6 26 01 10 02 22 04 00 0C 09 00 00 01 10 05 81 02 00 C1 20 01 10 06 81 01 00 01 4E A1 9E E0 12
12 12
12 16 00 AE 00 C0 01 03 01 07 10 11 00 82 40 42 0F 00 02 10 00 81 C5 6A E2 0B 12
12 12
12 1B 00 5C 01 C0 03 01 01 08 10 11 01 82 20 DB DE 0A 00 00 00 01 10 00 81 01 00 01 A9 82 BE 65 12
12 12
12 21 00 53 01 C0 01 02 4B 02 10 00 81 02 10 01 21 02 10 0D 25 02 10 02 22 02 10 05 81 02 10 06 81 6D 81 EA E5 12
12 12
12 38 00 C1 01 C0 02 01 4B 01 10 00 81 01 00 01 01 10 01 21 01 00 00 01 10 0D 25 02 00 A5 26 01 10 02 22 04 00 F8 08 00 00 01 10 05 81 02 00 C1 20 01 10 06 81 01 00 01 5D A8 04 31 12
12 12
12 16 00 AE 00 C0 01 03 01 07 10 11 00 82 40 42 0F 00 02 10 00 81 C5 6A E2 0B 12
12 12
12 1B 00 5C 01 C0 03 01 01 08 10 11 01 82 20 DB DE 0A 00 00 00 01 10 00 81 01 00 01 A9 82 BE 65 12
12 12
12 21 00 53 01 C0 01 02 52 02 10 00 81 02 10 01 21 02 10 0D 25 02 10 02 22 02 10 05 81 02 10 06 81 48 45 AF F2 12
12 12
12 38 00 C1 01 C0 02 01 52 01 10 00 81 01 00 00 01 10 01 21 01 00 90 FC 31 4C 00 C0 01 81 00 83 10 10 00 82 40 42 0E 00 02 20 00 81 C5 6A E2 03 12
12 C0 DB BA 60 CB E2 12
12 21 00 53 01 C0 01 02 55 02 10 00 81 02 10 01 21 02 10 0D 25 02 10 02 22 02 10 05 81 02 10 06 81 1B B6 A6 F6 12
12 12
12 38 00 C1 01 C0 02 01 55 01 10 00 81 01 00 00 01 10 01 21 01 00 00 01 10 0D 25 02 00 A4 26 01 10 02 22 04 00 00 00 00 00 01 10 05 81 02 00 C1 20 01 10 06 81 01 00 01 79 22 16 9D 12
12 12
12 16 00 AE 00 C0 01 03 01 07 10 11 00 82 40 42 0F 00 02 10 00 81 C5 6A E2 0B 12
12 12
12 1B 00 5C 01 C0 03 01 01 08 10 11 01 82 20 DB DE 0A 00 00 00 01 10 00 81 01 00 00 E8 B3 A5 7C 12
12 12
12 21 00 53 01 C0 01 02 5A 02 10 00 81 02 10 01 21 02 10 0D 25 02 10 02 22 02 10 05 81 02 10 06 81 A0 AD 00 FF 12
12 12
12 38 00 C1 01 C0 02 01 5A 01 10 00 81 01 00 00 01 10 01 21 01 00 00 01 10 0D 25 02 00 A3 26 01 10 02 22 04 00 00 00 00 00 01 10 05 81 02 00 C1 20 01 10 06 81 01 00 01 4A 82 28 C9 12
12 12
12 16 00 AE 00 C0 01 03 01 07 10 11 00 82 40 42 0F 00 02 10 00 81 C5 6A E2 0B 12
12 12
12 1B 00 5C 01 C0 03 01 01 08 10 11 01 82 20 DB DE 0A 00 00 00 01 10 00 81 01 00 00 E8 B3 A5 7C 12
12 12
12 21 00 53 01 C0 01 02 61 02 10 00 81 02 10 01 21 02 10 0D 25 02 10 02 22 02 10 05 81 02 10 06 81 1F 30 91 DD 12
12 12
12 38 00 C1 01 C0 02 01 61 01 10 00 81 01 00 00 01 10 01 21 01 00 00 01 10 0D 25 02 00 A3 26 01 10 02 22 04 00 00 00 00 00 01 10 05 81 02 00 C1 20 01 10 06 81 01 00 01 49 94 01 0F 12
12 12
12 16 00 AE 00 C0 01 03 01 07 10 11 00 82 40 42 0F 00 02 10 00 81 C5 6A E2 0B 12
12 12
12 1B 00 5C 01 C0 03 01 01 08 10 11 01 82 20 DB DE 0A 00 00 00 01 10 00 81 01 00 00 E8 B3 A5 7C 12
12 12
12 21 00 53 01 C0 01 02 68 02 10 00 81 02 10 01 21 02 10 0D 25 02 10 02 22 02 10 05 81 02 10 06 81 EA 25 8B D1 12
12 12
12 38 00 C1 01 C0 02 01 68 01 10 00 81 01 00 00 01 10 01 21 01 00 00 01 10 0D 25 02 00 A2 26 01 10 02 22 04 00 00 00 00 00 01 10 05 81 02 00 68 1F 01 10 06 81 01 00 01 13 76 28 7E 12
12 12
12 16 00 AE 00 C0 01 03 01 07 10 11 00 82 40 42 0F 00 02 10 00 81 C5 6A E2 0B 12
12 12
12 1B 00 5C 01 C0 03 01 01 08 10 11 01 82 20 DB DE 0A 00 00 00 01 10 00 81 01 00 00 E8 B3 A5 7C 12
12 12
12 21 00 53 01 C0 01 02 70 02 10 00 81 02 10 01 21 02 10 0D 25 02 10 02 22 02 10 05 81 02 10 06 81 D2 1C 7B C7 12
12 12
12 38 00 C1 01 C0 02 01 70 01 10 00 81 01 00 00 01 10 01 21 01 00 00 01 10 0D 25 02 00 A2 26 01 10 02 22 04 00 00 00 00 00 01 10 05 81 02 00 68 1F 01 10 06 81 01 00 01 F0 D7 2A 25 12
12 12
12 16 00 AE 00 C0 01 03 01 07 10 11 00 82 40 42 0F 00 02 10 00 81 C5 6A E2 0B 12
12 12
12 1B 00 5C 01 C0 03 01 01 08 10 11 01 82 20 DB DE 0A 00 00 00 01 10 00 81 01 00 00 E8 B3 A5 7C 12
12 12
12 16 00 AE 00 C0 01 03 01 07 10 11 00 82 40 42 0F 00 02 10 00 81 C5 6A E2 0B 12
12 12
12 1B 00 5C 01 C0 03 01 01 08 10 11 01 82 20 DB DE 0A 00 00 00 01 10 00 81 01 00 00 E8 B3 A5 7C 12
12 12
12 21 00 53 01 C0 01 02 77 02 10 00 81 02 10 01 21 02 10 0D 25 02 10 02 22 02 10 05 81 02 10 06 81 81 EF 72 C3 12
12 12
12 38 00 C1 01 C0 02 01 77 01 10 00 81 01 00 01 01 10 01 21 01 00 00 01 10 0D 25 02 00 A2 26 01 10 02 22 04 00 00 00 00 00 01 10 05 81 02 00 68 1F 01 10 06 81 01 00 01 45 C1 28 7D 12
12 12
12 16 00 AE 00 C0 01 03 01 07 10 11 00 82 40 42 0F 00 02 10 00 81 C5 6A E2 0B 12
12 12
12 1B 00 5C 01 C0 03 01 01 08 10 11 01 82 20 DB DE 0A 00 00 00 01 10 00 81 01 00 01 A9 82 BE 65 12
12 12
12 21 00 53 01 C0 01 02 7E 02 10 00 81 02 10 01 21 02 10 0D 25 02 10 02 22 02 10 05 81 02 10 06 81 74 FA 68 CF 12
12 12
12 38 00 C1 01 C0 02 01 7E 01 10 00 81 01 00 01 01 10 01 21 01 00 00 01 10 0D 25 02 00 A2 26 01 10 02 22 04 00 75 22 00 00 01 10 05 81 02 00 68 1F 01 10 06 81 01 00 01 07 B2 B1 68 12
12 12
12 16 00 AE 00 C0 01 03 01 07 10 11 00 82 40 42 0F 00 02 10 00 81 C5 6A E2 0B 12
12 12
12 1B 00 5C 01 C0 03 01 01 08 10 11 01 82 20 DB DE 0A 00 00 00 01 10 00 81 01 00 01 A9 82 BE 65 12
12 12
12 21 00 53 01 C0 01 02 85 02 10 00 81 02 10 01 21 02 10 0D 25 02 10 02 22 02 10 05 81 02 10 06 81 0B AE 78 5A 12
12 12
12 38 00 C1 01 C0 02 01 85 01 10 00 81 01 00 01 01 10 01 21 01 00 00 01 10 0D 25 02 00 A2 26 01 10 02 22 04 00 FC 0A 00 00 01 10 05 81 02 00 68 1F 01 10 06 81 01 00 01 6E F2 5B 15 12
12 12
12 16 00 AE 00 C0 01 03 01 07 10 11 00 82 40 42 0F 00 02 10 00 81 C5 6A E2 0B 12
12 12
12 1B 00 5C 01 C0 03 01 01 08 10 11 01 82 20 DB DE 0A 00 00 00 01 10 00 81 01 00 01 A9 82 BE 65 12
12 12
12 21 00 53 01 C0 01 02 8C 02 10 00 81 02 10 01 21 02 10 0D 25 02 10 02 22 02 10 05 81 02 10 06 81 FE BB 62 56 12
12 12
12 16 00 AE 00 C0 01 03 01 07 10 11 00 82 40 42 0F 00 02 10 00 81 C5 6A E2 0B 12
12 12
12 1B 00 5C 01 C0 03 01 01 08 10 11 01 82 20 DB DE 0A 00 00 00 01 10 00 81 01 00 01 A9 82 BE 65 12
12 12
12 21 00 53 01 C0 01 02 8F 02 10 00 81 02 10 01 21 02 10 0D 25 02 10 02 22 02 10 05 81 02 10 06 81 D9 BC BC 54 12
12 12
12 38 00 C1 01 C0 02 01 8F 01 10 00 81 01 00 01 01 10 01 21 01 00 00 01 10 0D 25 02 00 A1 26 01 10 02 22 04 00 FB 11 00 00 01 10 05 81 02 00 68 1F 01 10 06 81 01 00 01 89 C2 18 72 12
12 12
12 16 00 AE 00 C0 01 03 01 07 10 11 00 82 40 42 0F 00 02 10 00 81 C5 6A E2 0B 12
12 12
12 1B 00 5C 01 C0 03 01 01 08 10 11 01 82 20 DB DE 0A 00 00 00 01 10 00 81 01 00 01 A9 82 BE 65 12
12 12
12 21 00 53 01 C0 01 02 94 02 10 00 81 02 10 01 21 02 10 0D 25 02 10 02 22 02 10 05 81 02 10 06 81 C6 82 92 40 12
12 12
12 38 00 C1 01 C0 02 01 94 01 10 00 81 01 00 01 01 10 01 21 01 00 00 01 10 0D 25 02 00 A1 26 01 10 02 22 04 00 F7 11 00 00 01 10 05 81 02 00 68 1F 01 10 06 81 01 00 01 69 46 01 8F 12
12 12
12 16 00 AE 00 C0 01 03 01 07 10 11 00 82 40 42 0F 00 02 10 00 81 C5 6A E2 0B 12
12 12
12 1B 00 5C 01 C0 03 01 01 08 10 11 01 82 20 DB DE 0A 00 00 00 01 10 00 81 01 00 01 A9 82 BE 65 12
12 12
12 21 00 53 01 C0 01 02 9B 02 10 00 81 02 10 01 21 02 10 0D 25 02 10 02 22 02 10 05 81 02 10 06 81 7D 99 34 49 12
12 12
12 38 00 C1 01 C0 02 01 9B 01 10 00 81 01 00 01 01 10 01 21 01 00 00 01 10 0D 25 02 00 A0 26 01 10 02 22 04 00 8E 11 00 00 01 10 05 81 02 00 68 1F 01 10 06 81 01 00 01 76 87 EB C1 12
12 12
12 16 00 AE 00 C0 01 03 01 07 10 11 00 82 40 42 0F 00 02 10 00 81 C5 6A E2 0B 12
12 12
12 1B 00 5C 01 C0 03 01 01 08 10 11 01 82 20 DB DE 0A 00 00 00 01 10 00 81 01 00 01 A9 82 BE 65 12
12 12
12 21 00 53 01 C0 01 02 A2 02 10 00 81 02 10 01 21 02 10 0D 25 02 10 02 22 02 10 05 81 02 10 06 81 F8 FE CE 68 12
12 12
12 38 00 C1 01 C0 02 01 A2 01 10 00 81 01 00 01 01 10 01 21 01 00 00 01 10 0D 25 02 00 A0 26 01 10 02 22 04 00 6D 11 00 00 01 10 05 81 02 00 68 1F 01 10 06 81 01 00 01 08 8C 6A 2E 12
12 12
12 16 00 AE 00 C0 01 03 01 07 10 11 00 82 40 42 0F 00 02 10 00 81 C5 6A E2 0B 12
12 12
12 1B 00 5C 01 C0 03 01 01 08 10 11 01 82 20 DB DE 0A 00 00 00 01 10 00 81 01 00 01 A9 82 BE 65 12
12 12
12 16 00 AE 00 C0 01 03 01 07 10 11 00 82 40 42 0F 00 02 10 00 81 C5 6A E2 0B 12
12 12
12 21 00 53 01 C0 01 02 A9 02 10 00 81 02 10 01 21 02 10 0D 25 02 10 02 22 02 10 05 81 02 10 06 81 37 11 BF 67 12
12 12
12 38 00 C1 01 C0 02 01 A9 01 10 00 81 01 00 01 01 10 01 21 01 00 00 01 10 0D 25 02 00 9F 26 01 10 02 22 04 00 41 11 00 00 01 10 05 81 02 00 68 1F 01 10 06 81 01 00 01 4D D2 C1 6A 12
12 12
12 16 00 AE 00 C0 01 03 01 07 10 11 00 82 40 42 0F 00 02 10 00 81 C5 6A E2 0B 12
12 12
12 1B 00 5C 01 C0 03 01 01 08 10 11 01 82 20 DB DE 0A 00 00 00 01 10 00 81 01 00 01 A9 82 BE 65 12
12 12
12 21 00 53 01 C0 01 02 B0 02 10 00 81 02 10 01 21 02 10 0D 25 02 10 02 22 02 10 05 81 02 10 06 81 DB DE D5 FA 70 12
12 12
12 38 00 C1 01 C0 02 01 B0 01 10 00 81 01 00 01 01 10 01 21 01 00 00 01 10 0D 25 02 00 9F 26 01 10 02 22 04 00 06 11 00 00 01 10 05 81 02 00 68 1F 01 10 06 81 01 00 01 11 F8 44 0B 12
12 12
12 16 00 AE 00 C0 01 03 01 07 10 11 00 82 40 42 0F 00 02 10 00 81 C5 6A E2 0B 12
12 12
12 1B 00 5C 01 C0 03 01 01 08 10 11 01 82 20 DB DE 0A 00 00 00 01 10 00 81 01 00 01 A9 82 BE 65 12
12 12
12 21 00 53 01 C0 01 02 B7 02 10 00 81 02 10 01 21 02 10 0D 25 02 10 02 22 02 10 05 81 02 10 06 81 41 26 F3 74 12
12 12
12 38 00 C1 01 C0 02 01 B7 01 10 00 81 01 00 01 01 10 01 21 01 00 00 01 10 0D 25 02 00 9E 26 01 10 02 22 04 00 EB 10 00 00 01 10 05 81 02 00 68 1F 01 10 06 81 01 00 01 F6 01 39 FC 12
12 12
12 16 00 AE 00 C0 01 03 01 07 10 11 00 82 40 42 0F 00 02 10 00 81 C5 6A E2 0B 12
12 12
12 1B 00 5C 01 C0 03 01 01 08 10 11 01 82 20 DB DE 0A 00 00 00 01 10 00 81 01 00 01 A9 82 BE 65 12
12 12
12 21 00 53 01 C0 01 02 BF 02 10 00 81 02 10 01 21 02 10 0D 25 02 10 02 22 02 10 05 81 02 10 06 81 A9 CE 5C 79 12
12 12
12 38 00 C1 01 C0 02 01 BF 01 10 00 81 01 00 01 01 10 01 21 01 00 00 01 10 0D 25 02 00 9D 26 01 10 02 22 04 00 D0 0B 00 00 01 10 05 81 02 00 68 1F 01 10 06 81 01 00 01 D0 B5 16 35 12
12 12
12 16 00 AE 00 C0 01 03 01 07 10 11 00 82 40 42 0F 00 02 10 00 81 C5 6A E2 0B 12
12 12
12 1B 00 5C 01 C0 03 01 01 08 10 11 01 82 20 DB DE 0A 00 00 00 01 10 00 81 01 00 01 A9 82 BE 65 12
12 12
12 16 00 AE 00 C0 01 03 01 07 10 11 00 82 40 42 0F 00 02 10 00 81 C5 6A E2 0B 12
12 12
12 1B 00 5C 01 C0 03 01 01 08 10 11 01 82 20 DB DE 0A 00 00 00 01 10 00 81 01 00 01 A9 82 BE 65 12
12 12
12 21 00 53 01 C0 01 02 C6 02 10 00 81 02 10 01 21 02 10 0D 25 02 10 02 22 02 10 05 81 02 10 06 81 6C EE D9 35 12
12 12
12 38 00 C1 01 C0 02 01 C6 01 10 00 81 01 00 01 01 10 01 21 01 00 00 01 10 0D 25 02 00 9D 26 01 10 02 22 04 00 7E 09 00 00 01 10 05 81 02 00 68 1F 01 10 06 81 01 00 01 73 AA E2 C9 12
12 12
12 21 00 53 01 C0 01 02 C9 02 10 00 81 02 10 01 21 02 10 0D 25 02 10 02 22 02 10 05 81 02 10 06 81 D7 F5 7F 3C 12
12 12
12 38 00 C1 01 C0 02 01 C9 01 10 00 81 01 00 01 01 10 01 21 01 00 00 01 10 0D 25 02 00 9D 26 01 10 02 22 04 00 7E 09 00 00 01 10 05 81 02 00 68 1F 01 10 06 81 01 00 01 C6 4C 09 4F 12
12 12
12 16 00 AE 00 C0 01 03 01 07 10 11 00 82 40 42 0F 00 02 10 00 81 C5 6A E2 0B 12
12 12
12 1B 00 5C 01 C0 03 01 01 08 10 11 01 82 20 DB DE 0A 00 00 00 01 10 00 81 01 00 01 A9 82 BE 65 12
12 12
12 21 00 53 01 C0 01 02 CE 02 10 00 81 02 10 01 21 02 10 0D 25 02 10 02 22 02 10 05 81 02 10 06 81 84 06 76 38 12
12 12
12 38 00 C1 01 C0 02 01 CE 01 10 00 81 01 00 01 01 10 01 21 01 00 00 01 10 0D 25 02 00 9C 26 01 10 02 22 04 00 7C 09 00 00 01 10 05 81 02 00 68 1F 01 10 06 81 01 00 01 62 D7 24 E5 12
12 12
12 21 00 53 01 C0 01 02 D1 02 10 00 81 02 10 01 21 02 10 0D 25 02 10 02 22 02 10 05 81 02 10 06 81 EF CC 8F 2A 12
12 12
12 38 00 C1 01 C0 02 01 D1 01 10 00 81 01 00 01 01 10 01 21 01 00 00 01 10 0D 25 02 00 9C 26 01 10 02 22 04 00 7C 09 00 00 01 10 05 81 02 00 68 1F 01 10 06 81 01 00 01 95 F0 33 0E 12
12 12
12 16 00 AE 00 C0 01 03 01 07 10 11 00 82 40 42 0F 00 02 10 00 81 C5 6A E2 0B 12
12 12
12 1B 00 5C 01 C0 03 01 01 08 10 11 01 82 20 DB DE 0A 00 00 00 01 10 00 81 01 00 01 A9 82 BE 65 12
12 12
12 21 00 53 01 C0 01 02 D6 02 10 00 81 02 10 01 21 02 10 0D 25 02 10 02 22 02 10 05 81 02 10 06 81 BC 3F 86 2E 12
12 12
12 38 00 C1 01 C0 02 01 D6 01 10 00 81 01 00 01 01 10 01 21 01 00 00 01 10 0D 25 02 00 9B 26 01 10 02 22 04 00 58 09 00 00 01 10 05 81 02 00 68 1F 01 10 06 81 01 00 01 F1 4B 1F A3 12
12 12
12 16 00 AE 00 C0 01 03 01 07 10 11 00 82 40 42 0F 00 02 10 00 81 C5 6A E2 0B 12
12 12
12 1B 00 5C 01 C0 03 01 01 08 10 11 01 82 20 DB DE 0A 00 00 00 01 10 00 81 01 00 01 A9 82 BE 65 12
12 12
12 21 00 53 01 C0 01 02 DD 02 10 00 81 02 10 01 21 02 10 0D 25 02 10 02 22 02 10 05 81 02 10 06 81 73 D0 F7 21 12
12 12
12 38 00 C1 01 C0 02 01 DD 01 10 00 81 01 00 01 01 10 01 21 01 00 00 01 10 0D 25 02 00 9A 26 01 10 02 22 04 00 36 09 00 00 01 10 05 81 02 00 68 1F 01 10 06 81 01 00 01 DF 89 4E 42 12
12 12
12 16 00 AE 00 C0 01 03 01 07 10 11 00 82 40 42 0F 00 02 10 00 81 C5 6A E2 0B 12
12 12
12 1B 00 5C 01 C0 03 01 01 08 10 11 01 82 20 DB DE 0A 00 00 00 01 10 00 81 01 00 01 A9 82 BE 65 12
12 12
12 16 00 AE 00 C0 01 03 01 07 10 11 00 82 40 42 0F 00 02 10 00 81 C5 6A E2 0B 12
12 12
12 1B 00 5C 01 C0 03 01 01 08 10 11 01 82 20 DB DE 0A 00 00 00 01 10 00 81 01 00 01 A9 82 BE 65 12
12 12
12 21 00 53 01 C0 01 02 E5 02 10 00 81 02 10 01 21 02 10 0D 25 02 10 02 22 02 10 05 81 02 10 06 81 EB 4A B8 01 12
12 12
12 38 00 C1 01 C0 02 01 E5 01 10 00 81 01 00 01 01 10 01 21 01 00 00 01 10 0D 25 02 00 99 26 01 10 02 22 04 00 7B 06 00 00 01 10 05 81 02 00 68 1F 01 10 06 81 01 00 01 04 5F 7D FD 12
12 12
12 21 00 53 01 C0 01 02 E8 02 10 00 81 02 10 01 21 02 10 0D 25 02 10 02 22 02 10 05 81 02 10 06 81 6A AB 75 0B 12
12 12
12 38 00 C1 01 C0 02 01 E8 01 10 00 81 01 00 01 01 10 01 21 01 00 00 01 10 0D 25 02 00 99 26 01 10 02 22 04 00 7B 06 00 00 01 10 05 81 02 00 68 1F 01 10 06 81 01 00 01 09 60 F5 00 12
12 12
12 16 00 AE 00 C0 01 03 01 07 10 11 00 82 40 42 0F 00 02 10 00 81 C5 6A E2 0B 12
12 12
12 1B 00 5C 01 C0 03 01 01 08 10 11 01 82 20 DB DE 0A 00 00 00 01 10 00 81 01 00 01 A9 82 BE 65 12
12 12
12 21 00 53 01 C0 01 02 ED 02 10 00 81 02 10 01 21 02 10 0D 25 02 10 02 22 02 10 05 81 02 10 06 81 03 A2 17 0C 12
12 12
12 38 00 C1 01 C0 02 01 ED 01 10 00 81 01 00 01 01 10 01 21 01 00 00 01 10 0D 25 02 00 96 26 01 10 02 22 04 00 FA 01 00 00 01 10 05 81 02 00 68 1F 01 10 06 81 01 00 01 C5 FD 09 77 12
12 12
12 21 00 53 01 C0 01 02 F0 02 10 00 81 02 10 01 21 02 10 0D 25 02 10 02 22 02 10 05 81 02 10 06 81 52 92 85 1D 12
12 12
12 38 00 C1 01 C0 02 01 F0 01 10 00 81 01 00 01 01 10 01 21 01 00 00 01 10 0D 25 02 00 96 26 01 10 02 22 04 00 FA 01 00 00 01 10 05 81 02 00 68 1F 01 10 06 81 01 00 01 8A 03 7D E7 12
12 12
12 16 00 AE 00 C0 01 03 01 07 10 11 00 82 40 42 0F 00 02 10 00 81 C5 6A E2 0B 12
12 12
12 1B 00 5C 01 C0 03 01 01 08 10 11 01 82 20 DB DE 0A 00 00 00 01 10 00 81 01 00 01 A9 82 BE 65 12
12 12
12 21 00 53 01 C0 01 02 F5 02 10 00 81 02 10 01 21 02 10 0D 25 02 10 02 22 02 10 05 81 02 10 06 81 3B 9B E7 1A 12
12 12
12 38 00 C1 01 C0 02 01 F5 01 10 00 81 01 00 01 01 10 01 21 01 00 00 01 10 0D 25 02 00 92 26 01 10 02 22 04 00 CF 01 00 00 01 10 05 81 02 00 68 1F 01 10 06 81 01 00 01 C7 F7 06 46 12
12 12
12 21 00 53 01 C0 01 02 F8 02 10 00 81 02 10 01 21 02 10 0D 25 02 10 02 22 02 10 05 81 02 10 06 81 BA 7A 2A 10 12
12 12
12 38 00 C1 01 C0 02 01 F8 01 10 00 81 01 00 01 01 10 01 21 01 00 00 01 10 0D 25 02 00 92 26 01 10 02 22 04 00 CF 01 00 00 01 10 05 81 02 00 68 1F 01 10 06 81 01 00 01 CA C8 8E BB 12
12 12
12 16 00 AE 00 C0 01 03 01 07 10 11 00 82 40 42 0F 00 02 10 00 81 C5 6A E2 0B 12
12 12
12 1B 00 5C 01 C0 03 01 01 08 10 11 01 82 20 DB DE 0A 00 00 00 01 10 00 81 01 00 01 A9 82 BE 65 12
12 12
12 21 00 53 01 C0 01 02 FD 02 10 00 81 02 10 01 21 02 10 0D 25 02 10 02 22 02 10 05 81 02 10 06 81 D3 73 48 17 12
12 12
12 38 00 C1 01 C0 02 01 FD 01 10 00 81 01 00 01 01 10 01 21 01 00 00 01 10 0D 25 02 00 8D 26 01 10 02 22 04 00 C3 01 00 00 01 10 05 81 02 00 68 1F 01 10 06 81 01 00 01 58 BC DB DE DE 12
12 12
12 16 00 AE 00 C0 01 03 01 07 10 11 00 82 40 42 0F 00 02 10 00 81 C5 6A E2 0B 12
12 12
12 1B 00 5C 01 C0 03 01 01 08 10 11 01 82 20 DB DE 0A 00 00 00 01 10 00 81 01 00 01 A9 82 BE 65 12
12 12
12 16 00 AE 00 C0 01 03 01 07 10 11 00 82 40 42 0F 00 02 10 00 81 C5 6A E2 0B 12
12 12
12 1B 00 5C 01 C0 03 01 01 08 10 11 01 82 20 DB DE 0A 00 00 00 01 10 00 81 01 00 01 A9 82 BE 65 12
12 12
12 21 00 53 01 C0 01 02 05 02 10 00 81 02 10 01 21 02 10 0D 25 02 10 02 22 02 10 05 81 02 10 06 81 8B 20 86 80 12
12 12
12 38 00 C1 01 C0 02 01 05 01 10 00 81 01 00 01 01 10 01 21 01 00 00 01 10 0D 25 02 00 88 26 01 10 02 22 04 00 B2 01 00 00 01 10 05 81 02 00 68 1F 01 10 06 81 01 00 01 8E CB 8E 4B 12
12 12
12 21 00 53 01 C0 01 02 08 02 10 00 81 02 10 01 21 02 10 0D 25 02 10 02 22 02 10 05 81 02 10 06 81 0A C1 4B 8A 12
12 12
12 38 00 C1 01 C0 02 01 08 01 10 00 81 01 00 01 01 10 01 21 01 00 00 01 10 0D 25 02 00 88 26 01 10 02 22 04 00 B2 01 00 00 01 10 05 81 02 00 68 1F 01 10 06 81 01 00 01 83 F4 06 B6 12
12 12
12 16 00 AE 00 C0 01 03 01 07 10 11 00 82 40 42 0F 00 02 10 00 81 C5 6A E2 0B 12
12 12
12 1B 00 5C 01 C0 03 01 01 08 10 11 01 82 20 DB DE 0A 00 00 00 01 10 00 81 01 00 01 A9 82 BE 65 12
12 12
12 21 00 53 01 C0 01 02 0D 02 10 00 81 02 10 01 21 02 10 0D 25 02 10 02 22 02 10 05 81 02 10 06 81 63 C8 29 8D 12
12 12
12 38 00 C1 01 C0 02 01 0D 01 10 00 81 01 00 01 01 10 01 21 01 00 00 01 10 0D 25 02 00 83 26 01 10 02 22 04 00 B3 01 00 00 01 10 05 81 02 00 68 1F 01 10 06 81 01 00 01 3E D0 84 DB DD 12
12 12
12 16 00 AE 00 C0 01 03 01 07 10 11 00 82 40 42 0F 00 02 10 00 81 C5 6A E2 0B 12
12 12
12 1B 00 5C 01 C0 03 01 01 08 10 11 01 82 20 DB DE 0A 00 00 00 01 10 00 81 01 00 01 A9 82 BE 65 12
12 12
12 21 00 53 01 C0 01 02 14 02 10 00 81 02 10 01 21 02 10 0D 25 02 10 02 22 02 10 05 81 02 10 06 81 46 0C 6C 9A 12
12 12
12 38 00 C1 01 C0 02 01 14 01 10 00 81 01 00 01 01 10 01 21 01 00 00 01 10 0D 25 02 00 7E 26 01 10 02 22 04 00 B5 01 00 00 01 10 05 81 02 00 68 1F 01 10 06 81 01 00 01 1D 36 AC 33 12
12 12
12 21 00 53 01 C0 01 02 17 02 10 00 81 02 10 01 21 02 10 0D 25 02 10 02 22 02 10 05 81 02 10 06 81 61 0B B2 98 12
12 12
12 38 00 C1 01 C0 02 01 17 01 10 00 81 01 00 01 01 10 01 21 01 00 00 01 10 0D 25 02 00 7E 26 01 10 02 22 04 00 B5 01 00 00 01 10 05 81 02 00 68 1F 01 10 06 81 01 00 01 79 03 7E 75 12
12 12
12 16 00 AE 00 C0 01 03 01 07 10 11 00 82 40 42 0F 00 02 10 00 81 C5 6A E2 0B 12
12 12
12 1B 00 5C 01 C0 03 01 01 08 10 11 01 82 20 DB DE 0A 00 00 00 01 10 00 81 01 00 01 A9 82 BE 65 12
12 12
12 21 00 53 01 C0 01 02 1C 02 10 00 81 02 10 01 21 02 10 0D 25 02 10 02 22 02 10 05 81 02 10 06 81 AE E4 C3 97 12
12 12
12 38 00 C1 01 C0 02 01 1C 01 10 00 81 01 00 01 01 10 01 21 01 00 00 01 10 0D 25 02 00 79 26 01 10 02 22 04 00 B1 01 00 00 01 10 05 81 02 00 68 1F 01 10 06 81 01 00 01 D8 1D EF 3E 12
12 12
12 16 00 AE 00 C0 01 03 01 07 10 11 00 82 40 42 0F 00 02 10 00 81 C5 6A E2 0B 12
12 12
12 1B 00 5C 01 C0 03 01 01 08 10 11 01 82 20 DB DE 0A 00 00 00 01 10 00 81 01 00 01 A9 82 BE 65 12
12 12
12 16 00 AE 00 C0 01 03 01 07 10 11 00 82 40 42 0F 00 02 10 00 81 C5 6A E2 0B 12
12 12
12 1B 00 5C 01 C0 03 01 01 08 10 11 01 82 20 DB DE 0A 00 00 00 01 10 00 81 01 00 01 A9 82 BE 65 12
12 12
12 21 00 53 01 C0 01 02 23 02 10 00 81 02 10 01 21 02 10 0D 25 02 10 02 22 02 10 05 81 02 10 06 81 65 8D 85 B3 12
12 12
12 38 00 C1 01 C0 02 01 23 01 10 00 81 01 00 01 01 10 01 21 01 00 00 01 10 0D 25 02 00 75 26 01 10 02 22 04 00 B8 01 00 00 01 10 05 81 02 00 54 1F 01 10 06 81 01 00 01 7F AB 84 BB 12
12 12
12 21 00 53 01 C0 01 02 26 02 10 00 81 02 10 01 21 02 10 0D 25 02 10 02 22 02 10 05 81 02 10 06 81 0C 84 E7 B4 12
12 12
12 38 00 C1 01 C0 02 01 26 01 10 00 81 01 00 01 01 10 01 21 01 00 00 01 10 0D 25 02 00 75 26 01 10 02 22 04 00 B8 01 00 00 01 10 05 81 02 00 54 1F 01 10 06 81 01 00 01 D3 F4 F2 70 12
12 12
12 16 00 AE 00 C0 01 03 01 07 10 11 00 82 40 42 0F 00 02 10 00 81 C5 6A E2 0B 12
12 12
12 1B 00 5C 01 C0 03 01 01 08 10 11 01 82 20 DB DE 0A 00 00 00 01 10 00 81 01 00 01 A9 82 BE 65 12
12 12
12 21 00 53 01 C0 01 02 2B 02 10 00 81 02 10 01 21 02 10 0D 25 02 10 02 22 02 10 05 81 02 10 06 81 8D 65 2A BE 12
12 12
12 38 00 C1 01 C0 02 01 2B 01 10 00 81 01 00 01 01 10 01 21 01 00 00 01 10 0D 25 02 00 70 26 01 10 02 22 04 00 BA 01 00 00 01 10 05 81 02 00 DB DE 1F 01 10 06 81 01 00 01 A6 C7 8B 5B 12
12 12
12 16 00 AE 00 C0 01 03 01 07 10 11 00 82 40 42 0F 00 02 10 00 81 C5 6A E2 0B 12
12 12
12 1B 00 5C 01 C0 03 01 01 08 10 11 01 82 20 DB DE 0A 00 00 00 01 10 00 81 01 00 01 A9 82 BE 65 12
12 12
12 21 00 53 01 C0 01 02 32 02 10 00 81 02 10 01 21 02 10 0D 25 02 10 02 22 02 10 05 81 02 10 06 81 A8 A1 6F A9 12
12 12
12 38 00 C1 01 C0 02 01 32 01 10 00 81 01 00 01 01 10 01 21 01 00 00 01 10 0D 25 02 00 6B 26 01 10 02 22 04 00 B9 01 00 00 01 10 05 81 02 00 E5 1E 01 10 06 81 01 00 01 E1 F2 31 8F 12
12 12
12 21 00 53 01 C0 01 02 35 02 10 00 81 02 10 01 21 02 10 0D 25 02 10 02 22 02 10 05 81 02 10 06 81 FB 52 66 AD 12
12 12
12 38 00 C1 01 C0 02 01 35 01 10 00 81 01 00 01 01 10 01 21 01 00 00 01 10 0D 25 02 00 6B 26 01 10 02 22 04 00 B9 01 00 00 01 10 05 81 02 00 E5 1E 01 10 06 81 01 00 01 F5 74 24 3F 12
12 12
12 16 00 AE 00 C0 01 03 01 07 10 11 00 82 40 42 0F 00 02 10 00 81 C5 6A E2 0B 12
12 12
12 1B 00 5C 01 C0 03 01 01 08 10 11 01 82 20 DB DE 0A 00 00 00 01 10 00 81 01 00 01 A9 82 BE 65 12
12 12
12 21 00 53 01 C0 01 02 3A 02 10 00 81 02 10 01 21 02 10 0D 25 02 10 02 22 02 10 05 81 02 10 06 81 40 49 C0 A4 12
12 12
12 38 00 C1 01 C0 02 01 3A 01 10 00 81 01 00 01 01 10 01 21 01 00 00 01 10 0D 25 02 00 66 26 01 10 02 22 04 00 B6 01 00 00 01 10 05 81 02 00 CB 1E 01 10 06 81 01 00 01 31 FB 2C 7D 12
12 12
12 16 00 AE 00 C0 01 03 01 07 10 11 00 82 40 42 0F 00 02 10 00 81 C5 6A E2 0B 12
12 12
12 1B 00 5C 01 C0 03 01 01 08 10 11 01 82 20 DB DE 0A 00 00 00 01 10 00 81 01 00 01 A9 82 BE 65 12
12 12
12 21 00 53 01 C0 01 02 3D 02 10 00 81 02 10 01 21 02 10 0D 25 02 10 02 22 02 10 05 81 02 10 06 81 13 BA C9 A0 12
12 12
12 38 00 C1 01 C0 02 01 3D 01 10 00 81 01 00 01 01 10 01 21 01 00 00 01 10 0D 25 02 00 66 26 01 10 02 22 04 00 B6 01 00 00 01 10 05 81 02 00 CB 1E 01 10 06 81 01 00 01 25 7D 39 CD 12
12 12
12 16 00 AE 00 C0 01 03 01 07 10 11 00 82 40 42 0F 00 02 10 00 81 C5 6A E2 0B 12
12 12
12 1B 00 5C 01 C0 03 01 01 08 10 11 01 82 20 DB DE 0A 00 00 00 01 10 00 81 01 00 01 A9 82 BE 65 12
12 12
12 21 00 53 01 C0 01 02 43 02 10 00 81 02 10 01 21 02 10 0D 25 02 10 02 22 02 10 05 81 02 10 06 81 85 69 45 E8 12
12 12
12 38 00 C1 01 C0 02 01 43 01 10 00 81 01 00 01 01 10 01 21 01 00 00 01 10 0D 25 02 00 62 26 01 10 02 22 04 00 34 02 00 00 01 10 05 81 02 00 A4 19 01 10 06 81 01 00 01 29 18 99 40 12
12 12
12 21 00 53 01 C0 01 02 46 02 10 00 81 02 10 01 21 02 10 0D 25 02 10 02 22 02 10 05 81 02 10 06 81 EC 60 27 EF 12
12 12
12 38 00 C1 01 C0 02 01 46 01 10 00 81 01 00 01 01 10 01 21 01 00 00 01 10 0D 25 02 00 62 26 01 10 02 22 04 00 34 02 00 00 01 10 05 81 02 00 A4 19 01 10 06 81 01 00 01 85 47 EF 8B 12
12 12
12 16 00 AE 00 C0 01 03 01 07 10 11 00 82 40 42 0F 00 02 10 00 81 C5 6A E2 0B 12
12 12
12 1B 00 5C 01 C0 03 01 01 08 10 11 01 82 20 DB DE 0A 00 00 00 01 10 00 81 01 00 01 A9 82 BE 65 12
12 12
12 21 00 53 01 C0 01 02 4B 02 10 00 81 02 10 01 21 02 10 0D 25 02 10 02 22 02 10 05 81 02 10 06 81 6D 81 EA E5 12
12 12
12 38 00 C1 01 C0 02 01 4B 01 10 00 81 01 00 01 01 10 01 21 01 00 00 01 10 0D 25 02 00 60 26 01 10 02 22 04 00 65 0A 00 00 01 10 05 81 02 00 67 11 01 10 06 81 01 00 01 44 93 29 67 12
12 12
12 16 00 AE 00 C0 01 03 01 07 10 11 00 82 40 42 0F 00 02 10 00 81 C5 6A E2 0B 12
12 12
12 1B 00 5C 01 C0 03 01 01 08 10 11 01 82 20 DB DE 0A 00 00 00 01 10 00 81 01 00 01 A9 82 BE 65 12
12 12
12 21 00 53 01 C0 01 02 52 02 10 00 81 02 10 01 21 02 10 0D 25 02 10 02 22 02 10 05 81 02 10 06 81 48 45 AF F2 12
12 12
12 38 00 C1 01 C0 02 01 52 01 10 00 81 01 00 01 01 10 01 21 01 00 00 01 10 0D 25 02 00 5F 26 01 10 02 22 04 00 6A 09 00 00 01 10 05 81 02 00 67 11 01 10 06 81 01 00 01 24 F8 49 5A 12
12 12
12 16 00 AE 00 C0 01 03 01 07 10 11 00 82 40 42 0F 00 02 10 00 81 C5 6A E2 0B 12
12 12
12 1B 00 5C 01 C0 03 01 01 08 10 11 01 82 20 DB DE 0A 00 00 00 01 10 00 81 01 00 01 A9 82 BE 65 12
12 12
12 21 00 53 01 C0 01 02 59 02 10 00 81 02 10 01 21 02 10 0D 25 02 10 02 22 02 10 05 81 02 10 06 81 87 AA DE FD 12
12 12
12 38 00 C1 01 C0 02 01 59 01 10 00 81 01 00 01 01 10 01 21 01 00 00 01 10 0D 25 02 00 5E 26 01 10 02 22 04 00 A6 09 00 00 01 10 05 81 02 00 67 11 01 10 06 81 01 00 01 BF 92 39 73 12
12 12
12 16 00 AE 00 C0 01 03 01 07 10 11 00 82 40 42 0F 00 02 10 00 81 C5 6A E2 0B 12
12 12
12 1B 00 5C 01 C0 03 01 01 08 10 11 01 82 20 DB DE 0A 00 00 00 01 10 00 81 01 00 01 A9 82 BE 65 12
12 12
12 16 00 AE 00 C0 01 03 01 07 10 11 00 82 40 42 0F 00 02 10 00 81 C5 6A E2 0B 12
12 12
12 1B 00 5C 01 C0 03 01 01 08 10 11 01 82 20 DB DE 0A 00 00 00 01 10 00 81 01 00 01 A9 82 BE 65 12
12 12
12 21 00 53 01 C0 01 02 61 02 10 00 81 02 10 01 21 02 10 0D 25 02 10 02 22 02 10 05 81 02 10 06 81 1F 30 91 DD 12
12 12
12 38 00 C1 01 C0 02 01 61 01 10 00 81 01 00 01 01 10 01 21 01 00 00 01 10 0D 25 02 00 5D 26 01 10 02 22 04 00 4B 0E 00 00 01 10 05 81 02 00 67 11 01 10 06 81 01 00 01 2C 44 CE 67 12
12 12
12 16 00 AE 00 C0 01 03 01 07 10 11 00 82 40 42 0F 00 02 10 00 81 C5 6A E2 0B 12
12 12
12 1B 00 5C 01 C0 03 01 01 08 10 11 01 82 20 DB DE 0A 00 00 00 01 10 00 81 01 00 01 A9 82 BE 65 12
12 12
12 21 00 53 01 C0 01 02 68 02 10 00 81 02 10 01 21 02 10 0D 25 02 10 02 22 02 10 05 81 02 10 06 81 EA 25 8B D1 12
12 12
12 38 00 C1 01 C0 02 01 68 01 10 00 81 01 00 01 01 10 01 21 01 00 00 01 10 0D 25 02 00 5D 26 01 10 02 22 04 00 E2 11 00 00 01 10 05 81 02 00 67 11 01 10 06 81 01 00 01 B8 03 8B D6 12
12 12
12 21 00 53 01 C0 01 02 6B 02 10 00 81 02 10 01 21 02 10 0D 25 02 10 02 22 02 10 05 81 02 10 06 81 CD 22 55 D3 12
12 12
12 38 00 C1 01 C0 02 01 6B 01 10 00 81 01 00 01 01 10 01 21 01 00 00 01 10 0D 25 02 00 5D 26 01 10 02 22 04 00 E2 11 00 00 01 10 05 81 02 00 67 11 01 10 06 81 01 00 01 DC 36 59 90 12
12 12
12 16 00 AE 00 C0 01 03 01 07 10 11 00 82 40 42 0F 00 02 10 00 81 C5 6A E2 0B 12
12 12
12 1B 00 5C 01 C0 03 01 01 08 10 11 01 82 20 DB DE 0A 00 00 00 01 10 00 81 01 00 01 A9 82 BE 65 12
12 12
12 21 00 53 01 C0 01 02 70 02 10 00 81 02 10 01 21 02 10 0D 25 02 10 02 22 02 10 05 81 02 10 06 81 D2 1C 7B C7 12
12 12
12 38 00 C1 01 C0 02 01 70 01 10 00 81 01 00 01 01 10 01 21 01 00 00 01 10 0D 25 02 00 5C 26 01 10 02 22 04 00 CB 11 00 00 01 10 05 81 02 00 67 11 01 10 06 81 01 00 01 D3 52 C2 1B 12
12 12
12 16 00 AE 00 C0 01 03 01 07 10 11 00 82 40 42 0F 00 02 10 00 81 C5 6A E2 0B 12
12 12
12 1B 00 5C 01 C0 03 01 01 08 10 11 01 82 20 DB DE 0A 00 00 00 01 10 00 81 01 00 01 A9 82 BE 65 12
12 12
12 21 00 53 01 C0 01 02 77 02 10 00 81 02 10 01 21 02 10 0D 25 02 10 02 22 02 10 05 81 02 10 06 81 81 EF 72 C3 12
12 12
12 38 00 C1 01 C0 02 01 77 01 10 00 81 01 00 01 01 10 01 21 01 00 00 01 10 0D 25 02 00 5C 26 01 10 02 22 04 00 CA 11 00 00 01 10 05 81 02 00 67 11 01 10 06 81 01 00 01 9F 54 35 7C 12
12 12
12 16 00 AE 00 C0 01 03 01 07 10 11 00 82 40 42 0F 00 02 10 00 81 C5 6A E2 0B 12
12 12
12 1B 00 5C 01 C0 03 01 01 08 10 11 01 82 20 DB DE 0A 00 00 00 01 10 00 81 01 00 01 A9 82 BE 65 12
12 12
12 16 00 AE 00 C0 01 03 01 07 10 11 00 82 40 42 0F 00 02 10 00 81 C5 6A E2 0B 12
12 12
12 1B 00 5C 01 C0 03 01 01 08 10 11 01 82 20 DB DE 0A 00 00 00 01 10 00 81 01 00 01 A9 82 BE 65 12
12 12
12 21 00 53 01 C0 01 02 7E 02 10 00 81 02 10 01 21 02 10 0D 25 02 10 02 22 02 10 05 81 02 10 06 81 74 FA 68 CF 12
12 12
12 38 00 C1 01 C0 02 01 7E 01 10 00 81 01 00 01 01 10 01 21 01 00 00 01 10 0D 25 02 00 5B 26 01 10 02 22 04 00 A4 11 00 00 01 10 05 81 02 00 67 11 01 10 06 81 01 00 01 CE DB DE 5E 5A 12
12 12
12 21 00 53 01 C0 01 02 81 02 10 00 81 02 10 01 21 02 10 0D 25 02 10 02 22 02 10 05 81 02 10 06 81 7F 5A AF 5C 12
12 12
12 38 00 C1 01 C0 02 01 81 01 10 00 81 01 00 01 01 10 01 21 01 00 00 01 10 0D 25 02 00 5B 26 01 10 02 22 04 00 A4 11 00 00 01 10 05 81 02 00 67 11 01 10 06 81 01 00 01 66 B2 36 DF 12
12 12
12 16 00 AE 00 C0 01 03 01 07 10 11 00 82 40 42 0F 00 02 10 00 81 C5 6A E2 0B 12
12 12
12 1B 00 5C 01 C0 03 01 01 08 10 11 01 82 20 DB DE 0A 00 00 00 01 10 00 81 01 00 01 A9 82 BE 65 12
12 12
12 21 00 53 01 C0 01 02 86 02 10 00 81 02 10 01 21 02 10 0D 25 02 10 02 22 02 10 05 81 02 10 06 81 2C A9 A6 58 12
12 12
12 38 00 C1 01 C0 02 01 86 01 10 00 81 01 00 00 01 10 01 21 01 00 00 01 10 0D 25 02 00 5B 26 01 10 02 22 04 00 56 11 00 00 01 10 05 81 02 00 67 11 01 10 06 81 01 00 01 44 DB DD 5F 11 12
12 12
12 16 00 AE 00 C0 01 03 01 07 10 11 00 82 40 42 0F 00 02 10 00 81 C5 6A E2 0B 12
12 12
12 1B 00 5C 01 C0 03 01 01 08 10 11 01 82 20 DB DE 0A 00 00 00 01 10 00 81 01 00 00 E8 B3 A5 7C 12
12 12
12 21 00 53 01 C0 01 02 8D 02 10 00 81 02 10 01 21 02 10 0D 25 02 10 02 22 02 10 05 81 02 10 06 81 E3 46 D7 57 12
12 12
12 38 00 C1 01 C0 02 01 8D 01 10 00 81 01 00 00 01 10 01 21 01 00 00 01 10 0D 25 02 00 5A 26 01 10 02 22 04 00 13 15 00 00 01 10 05 81 02 00 67 11 01 10 06 81 01 00 01 54 23 D5 77 12
12 12
12 16 00 AE 00 C0 01 03 01 07 10 11 00 82 40 42 0F 00 02 10 00 81 C5 6A E2 0B 12
12 12
12 1B 00 5C 01 C0 03 01 01 08 10 11 01 82 20 DB DE 0A 00 00 00 01 10 00 81 01 00 00 E8 B3 A5 7C 12
12 12
12 21 00 53 01 C0 01 02 94 02 10 00 81 02 10 01 21 02 10 0D 25 02 10 02 22 02 10 05 81 02 10 06 81 C6 82 92 40 12
12 12
12 16 00 AE 00 C0 01 03 01 07 10 11 00 82 40 42 0F 00 02 10 00 81 C5 6A E2 0B 12
12 12
12 21 00 53 01 C0 01 02 97 02 10 00 81 02 10 01 21 02 10 0D 25 02 10 02 22 02 10 05 81 02 10 06 81 E1 85 4C 42 12
12 12
12 38 00 C1 01 C0 02 01 97 01 10 00 81 01 00 01 01 10 01 21 01 00 00 01 10 0D 25 02 00 5A 26 01 10 02 22 04 00 00 00 00 00 01 10 05 81 02 00 67 11 01 10 06 81 01 00 01 F2 4B EE C5 12
12 12
12 16 00 AE 00 C0 01 03 01 07 10 11 00 82 40 42 0F 00 02 10 00 81 C5 6A E2 0B 12
12 12
12 1B 00 5C 01 C0 03 01 01 08 10 11 01 82 20 DB DE 0A 00 00 00 01 10 00 81 01 00 01 A9 82 BE 65 12
12 12
12 21 00 53 01 C0 01 02 9C 02 10 00 81 02 10 01 21 02 10 0D 25 02 10 02 22 02 10 05 81 02 10 06 81 2E 6A 3D 4D 12
12 12
12 38 00 C1 01 C0 02 01 9C 01 10 00 81 01 00 01 01 10 01 21 01 00 00 01 10 0D 25 02 00 5A 26 01 10 02 22 04 00 00 00 00 00 01 10 05 81 02 00 67 11 01 10 06 81 01 00 01 37 1E C2 B5 12
12 12
12 16 00 AE 00 C0 01 03 01 07 10 11 00 82 40 42 0F 00 02 10 00 81 C5 6A E2 0B 12
12 12
12 1B 00 5C 01 C0 03 01 01 08 10 11 01 82 20 DB DE 0A 00 00 00 01 10 00 81 01 00 01 A9 82 BE 65 12
12 12
12 21 00 53 01 C0 01 02 A3 02 10 00 81 02 10 01 21 02 10 0D 25 02 10 02 22 02 10 05 81 02 10 06 81 E5 03 7B 69 12
12 12
12 38 00 C1 01 C0 02 01 A3 01 10 00 81 01 00 01 01 10 01 21 01 00 00 01 10 0D 25 02 00 5A 26 01 10 02 22 04 00 E7 0A 00 00 01 10 05 81 02 00 67 11 01 10 06 81 01 00 01 EC B7 0A 2C 12
12 12
12 16 00 AE 00 C0 01 03 01 07 10 11 00 82 40 42 0F 00 02 10 00 81 C5 6A E2 0B 12
12 12
12 1B 00 5C 01 C0 03 01 01 08 10 11 01 82 20 DB DE 0A 00 00 00 01 10 00 81 01 00 01 A9 82 BE 65 12
12 12
12 21 00 53 01 C0 01 02 AA 02 10 00 81 02 10 01 21 02 10 0D 25 02 10 02 22 02 10 05 81 02 10 06 81 10 16 61 65 12
12 12
12 38 00 C1 01 C0 02 01 AA 01 10 00 81 01 00 01 01 10 01 21 01 00 00 01 10 0D 25 02 00 59 26 01 10 02 22 04 00 DD 11 00 00 01 10 05 81 02 00 67 11 01 10 06 81 01 00 01 4E 6F 76 0F 12
12 12
12 21 00 53 01 C0 01 02 AD 02 10 00 81 02 10 01 21 02 10 0D 25 02 10 02 22 02 10 05 81 02 10 06 81 43 E5 68 61 12
12 12
12 16 00 AE 00 C0 01 03 01 07 10 11 00 82 40 42 0F 00 02 10 00 81 C5 6A E2 0B 12
12 12
12 21 00 53 01 C0 01 02 B3 02 10 00 81 02 10 01 21 02 10 0D 25 02 10 02 22 02 10 05 81 02 10 06 81 35 D2 24 72 12
12 12
12 16 00 AE 00 C0 01 03 01 07 10 11 00 82 40 42 0F 00 02 10 00 81 C5 6A E2 0B 12
12 12
12 1B 00 5C 01 C0 03 01 01 08 10 11 01 82 20 DB DE 0A 00 00 00 01 10 00 81 01 00 01 A9 82 BE 65 12
12 12
12 21 00 53 01 C0 01 02 B6 02 10 00 81 02 10 01 21 02 10 0D 25 02 10 02 22 02 10 05 81 02 10 06 81 5C DB DD 46 75 12
12 12
12 38 00 C1 01 C0 02 01 B6 01 10 00 81 01 00 01 01 10 01 21 01 00 00 01 10 0D 25 02 00 59 26 01 10 02 22 04 00 DE 11 00 00 01 10 05 81 02 00 67 11 01 10 06 81 01 00 01 74 FB E5 01 12
12 12
12 16 00 AE 00 C0 01 03 01 07 10 11 00 82 40 42 0F 00 02 10 00 81 C5 6A E2 0B 12
12 12
12 1B 00 5C 01 C0 03 01 01 08 10 11 01 82 20 DB DE 0A 00 00 00 01 10 00 81 01 00 01 A9 82 BE 65 12
12 12
12 21 00 53 01 C0 01 02 BB 02 10 00 81 02 10 01 21 02 10 0D 25 02 10 02 22 02 10 05 81 02 10 06 81 DD 3A 8B 7F 12
12 12
12 38 00 C1 01 C0 02 01 BB 01 10 00 81 01 00 01 01 10 01 21 01 00 00 01 10 0D 25 02 00 58 26 01 10 02 22 04 00 38 08 00 00 01 10 05 81 02 00 67 11 01 10 06 81 01 00 01 B2 D2 00 28 12
12 12
12 16 00 AE 00 C0 01 03 01 07 10 11 00 82 40 42 0F 00 02 10 00 81 C5 6A E2 0B 12
12 12
12 1B 00 5C 01 C0 03 01 01 08 10 11 01 82 20 DB DE 0A 00 00 00 01 10 00 81 01 00 01 A9 82 BE 65 12
12 12
12 21 00 53 01 C0 01 02 C2 02 10 00 81 02 10 01 21 02 10 0D 25 02 10 02 22 02 10 05 81 02 10 06 81 18 1A 0E 33 12
12 12
12 38 00 C1 01 C0 02 01 C2 01 10 00 81 01 00 01 01 10 01 21 01 00 00 01 10 0D 25 02 00 57 26 01 10 02 22 04 00 67 09 00 00 01 10 05 81 02 00 67 11 01 10 06 81 01 00 01 41 79 18 1B 12
12 12
12 16 00 AE 00 C0 01 03 01 07 10 11 00 82 40 42 0F 00 02 10 00 81 C5 6A E2 0B 12
12 12
12 1B 00 5C 01 C0 03 01 01 08 10 11 01 82 20 DB DE 0A 00 00 00 01 10 00 81 01 00 01 A9 82 BE 65 12
12 12
12 21 00 53 01 C0 01 02 CA 02 10 00 81 02 10 01 21 02 10 0D 25 02 10 02 22 02 10 05 81 02 10 06 81 F0 F2 A1 3E 12
12 12
12 38 00 C1 01 C0 02 01 CA 01 10 00 81 01 00 01 01 10 01 21 01 00 00 01 10 0D 25 02 00 55 26 01 10 02 22 04 00 E6 03 00 00 01 10 05 81 02 00 67 11 01 10 06 81 01 00 01 E5 B2 88 AF 12
12 12
12 16 00 AE 00 C0 01 03 01 07 10 11 00 82 40 42 0F 00 02 10 00 81 C5 6A E2 0B 12
12 12
12 1B 00 5C 01 C0 03 01 01 08 10 11 01 82 20 DB DE 0A 00 00 00 01 10 00 81 01 00 01 A9 82 BE 65 12
12 12
12 21 00 53 01 C0 01 02 CD 02 10 00 81 02 10 01 21 02 10 0D 25 02 10 02 22 02 10 05 81 02 10 06 81 A3 01 A8 3A 12
12 12
12 38 00 C1 01 C0 02 01 CD 01 10 00 81 01 00 01 01 10 01 21 01 00 00 01 10 0D 25 02 00 55 26 01 10 02 22 04 00 E6 03 00 00 01 10 05 81 02 00 67 11 01 10 06 81 01 00 01 F1 34 9D 1F 12
12 12
12 16 00 AE 00 C0 01 03 01 07 10 11 00 82 40 42 0F 00 02 10 00 81 C5 6A E2 0B 12
12 12
12 1B 00 5C 01 C0 03 01 01 08 10 11 01 82 20 DB DE 0A 00 00 00 01 10 00 81 01 00 01 A9 82 BE 65 12
12 12
12 21 00 53 01 C0 01 02 D2 02 10 00 81 02 10 01 21 02 10 0D 25 02 10 02 22 02 10 05 81 02 10 06 81 C8 CB 51 28 12
12 12
12 38 00 C1 01 C0 02 01 D2 01 10 00 81 01 00 01 01 10 01 21 01 00 00 01 10 0D 25 02 00 52 26 01 10 02 22 04 00 DA 01 00 00 01 10 05 81 02 00 67 11 01 10 06 81 01 00 01 7A 63 84 F6 12
12 12
12 21 00 53 01 C0 01 02 D5 02 10 00 81 02 10 01 21 02 10 0D 25 02 10 02 22 02 10 05 81 02 10 06 81 9B 38 58 2C 12
12 12
12 38 00 C1 01 C0 02 01 D5 01 10 00 81 01 00 01 01 10 01 21 01 00 00 01 10 0D 25 02 00 52 26 01 10 02 22 04 00 DA 01 00 00 01 10 05 81 02 00 67 11 01 10 06 81 01 00 01 6E E5 91 46 12
12 12
12 16 00 AE 00 C0 01 03 01 07 10 11 00 82 40 42 0F 00 02 10 00 81 C5 6A E2 0B 12
12 12
12 1B 00 5C 01 C0 03 01 01 08 10 11 01 82 20 DB DE 0A 00 00 00 01 10 00 81 01 00 01 A9 82 BE 65 12
12 12
12 21 00 53 01 C0 01 02 DA 02 10 00 81 02 10 01 21 02 10 0D 25 02 10 02 22 02 10 05 81 02 10 06 81 20 23 FE 25 12
12 12
12 38 00 C1 01 C0 02 01 DA 01 10 00 81 01 00 01 01 10 01 21 01 00 00 01 10 0D 25 02 00 4D 26 01 10 02 22 04 00 CA 01 00 00 01 10 05 81 02 00 67 11 01 10 06 81 01 00 01 88 03 1B 9D 12
12 12
12 16 00 AE 00 C0 01 03 01 07 10 11 00 82 40 42 0F 00 02 10 00 81 C5 6A E2 0B 12
12 12
12 1B 00 5C 01 C0 03 01 01 08 10 11 01 82 20 DB DE 0A 00 00 00 01 10 00 81 01 00 01 A9 82 BE 65 12
12 12
12 21 00 53 01 C0 01 02 E1 02 10 00 81 02 10 01 21 02 10 0D 25 02 10 02 22 02 10 05 81 02 10 06 81 9F BE 6F 07 12
12 12
12 38 00 C1 01 C0 02 01 E1 01 10 00 81 01 00 01 01 10 01 21 01 00 00 01 10 0D 25 02 00 49 26 01 10 02 22 04 00 BC 01 00 00 01 10 05 81 02 00 67 11 01 10 06 81 01 00 01 EB D4 61 DF 12
12 12
12 16 00 AE 00 C0 01 03 01 07 10 11 00 82 40 42 0F 00 02 10 00 81 C5 6A E2 0B 12
12 12
12 1B 00 5C 01 C0 03 01 01 08 10 11 01 82 20 DB DE 0A 00 00 00 01 10 00 81 01 00 01 A9 82 BE 65 12
12 12
12 21 00 53 01 C0 01 02 E8 02 10 00 81 02 10 01 21 02 10 0D 25 02 10 02 22 02 10 05 81 02 10 06 81 6A AB 75 0B 12
12 12
12 38 00 C1 01 C0 02 01 E8 01 10 00 81 01 00 01 01 10 01 21 01 00 00 01 10 0D 25 02 00 44 26 01 10 02 22 04 00 AF 01 00 00 01 10 05 81 02 00 67 11 01 10 06 81 01 00 01 BB 43 75 A9 12
12 12
12 16 00 AE 00 C0 01 03 01 07 10 11 00 82 40 42 0F 00 02 10 00 81 C5 6A E2 0B 12
12 12
12 1B 00 5C 01 C0 03 01 01 08 10 11 01 82 20 DB DE 0A 00 00 00 01 10 00 81 01 00 01 A9 82 BE 65 12
12 12
12 21 00 53 01 C0 01 02 EB 02 10 00 81 02 10 01 21 02 10 0D 25 02 10 02 22 02 10 05 81 02 10 06 81 4D AC AB 09 12
12 12
12 38 00 C1 01 C0 02 01 EB 01 10 00 81 01 00 01 01 10 01 21 01 00 00 01 10 0D 25 02 00 44 26 01 10 02 22 04 00 AF 01 00 00 01 10 05 81 02 00 67 11 01 10 06 81 01 00 01 DF 76 A7 EF 12
12 12
12 16 00 AE 00 C0 01 03 01 07 10 11 00 82 40 42 0F 00 02 10 00 81 C5 6A E2 0B 12
12 12
12 1B 00 5C 01 C0 03 01 01 08 10 11 01 82 20 DB DE 0A 00 00 00 01 10 00 81 01 00 01 A9 82 BE 65 12
12 12
12 21 00 53 01 C0 01 02 F0 02 10 00 81 02 10 01 21 02 10 0D 25 02 10 02 22 02 10 05 81 02 10 06 81 52 92 85 1D 12
12 12
12 38 00 C1 01 C0 02 01 F0 01 10 00 81 01 00 01 01 10 01 21 01 00 00 01 10 0D 25 02 00 3F 26 01 10 02 22 04 00 B3 01 00 00 01 10 05 81 02 00 67 11 01 10 06 81 01 00 01 96 64 D4 30 12
12 12
12 21 00 53 01 C0 01 02 F3 02 10 00 81 02 10 01 21 02 10 0D 25 02 10 02 22 02 10 05 81 02 10 06 81 75 95 5B 1F 12
12 12
12 38 00 C1 01 C0 02 01 F3 01 10 00 81 01 00 01 01 10 01 21 01 00 00 01 10 0D 25 02 00 3F 26 01 10 02 22 04 00 B3 01 00 00 01 10 05 81 02 00 67 11 01 10 06 81 01 00 01 F2 51 06 76 12
12 12
12 16 00 AE 00 C0 01 03 01 07 10 11 00 82 40 42 0F 00 02 10 00 81 C5 6A E2 0B 12
12 12
12 1B 00 5C 01 C0 03 01 01 08 10 11 01 82 20 DB DE 0A 00 00 00 01 10 00 81 01 00 01 A9 82 BE 65 12
12 12
12 21 00 53 01 C0 01 02 F8 02 10 00 81 02 10 01 21 02 10 0D 25 02 10 02 22 02 10 05 81 02 10 06 81 BA 7A 2A 10 12
12 12
12 38 00 C1 01 C0 02 01 F8 01 10 00 81 01 00 01 01 10 01 21 01 00 00 01 10 0D 25 02 00 3A 26 01 10 02 22 04 00 AF 01 00 00 01 10 05 81 02 00 67 11 01 10 06 81 01 00 01 5E 5F 6C FA 12
12 12
12 16 00 AE 00 C0 01 03 01 07 10 11 00 82 40 42 0F 00 02 10 00 81 C5 6A E2 0B 12
12 12
12 1B 00 5C 01 C0 03 01 01 08 10 11 01 82 20 DB DE 0A 00 00 00 01 10 00 81 01 00 01 A9 82 BE 65 12
12 12
12 21 00 53 01 C0 01 02 FF 02 10 00 81 02 10 01 21 02 10 0D 25 02 10 02 22 02 10 05 81 02 10 06 81 E9 89 23 14 12
12 12
12 38 00 C1 01 C0 02 01 FF 01 10 00 81 01 00 01 01 10 01 21 01 00 00 01 10 0D 25 02 00 35 26 01 10 02 22 04 00 B1 01 00 00 01 10 05 81 02 00 67 11 01 10 06 81 01 00 01 DA 64 11 DD 12
12 12
12 16 00 AE 00 C0 01 03 01 07 10 11 00 82 40 42 0F 00 02 10 00 81 C5 6A E2 0B 12
12 12
12 1B 00 5C 01 C0 03 01 01 08 10 11 01 82 20 DB DE 0A 00 00 00 01 10 00 81 01 00 01 A9 82 BE 65 12
12 12
12 21 00 53 01 C0 01 02 08 02 10 00 81 02 10 01 21 02 10 0D 25 02 10 02 22 02 10 05 81 02 10 06 81 0A C1 4B 8A 12
12 12
12 38 00 C1 01 C0 02 01 08 01 10 00 81 01 00 01 01 10 01 21 01 00 00 01 10 0D 25 02 00 31 26 01 10 02 22 04 00 28 03 00 00 01 10 05 81 02 00 67 11 01 10 06 81 01 00 01 92 DA 02 5D 12
12 12
12 16 00 AE 00 C0 01 03 01 07 10 11 00 82 40 42 0F 00 02 10 00 81 C5 6A E2 0B 12
12 12
12 1B 00 5C 01 C0 03 01 01 08 10 11 01 82 20 DB DE 0A 00 00 00 01 10 00 81 01 00 01 A9 82 BE 65 12
12 12
12 16 00 AE 00 C0 01 03 01 07 10 11 00 82 40 42 0F 00 02 10 00 81 C5 6A E2 0B 12
12 12
12 1B 00 5C 01 C0 03 01 01 08 10 11 01 82 20 DB DE 0A 00 00 00 01 10 00 81 01 00 01 A9 82 BE 65 12
12 12
12 21 00 53 01 C0 01 02 0F 02 10 00 81 02 10 01 21 02 10 0D 25 02 10 02 22 02 10 05 81 02 10 06 81 59 32 42 8E 12
12 12
12 38 00 C1 01 C0 02 01 0F 01 10 00 81 01 00 01 01 10 01 21 01 00 00 01 10 0D 25 02 00 2F 26 01 10 02 22 04 00 67 09 00 00 01 10 05 81 02 00 67 11 01 10 06 81 01 00 01 F7 C3 AA D1 12
12 12
12 21 00 53 01 C0 01 02 DB DE 02 10 00 81 02 10 01 21 02 10 0D 25 02 10 02 22 02 10 05 81 02 10 06 81 08 02 D0 9F 12
12 12
12 38 00 C1 01 C0 02 01 DB DE 01 10 00 81 01 00 01 01 10 01 21 01 00 00 01 10 0D 25 02 00 2F 26 01 10 02 22 04 00 67 09 00 00 01 10 05 81 02 00 67 11 01 10 06 81 01 00 01 B8 3D DE 41 12
12 12
12 16 00 AE 00 C0 01 03 01 07 10 11 00 82 40 42 0F 00 02 10 00 81 C5 6A E2 0B 12
12 12
12 1B 00 5C 01 C0 03 01 01 08 10 11 01 82 20 DB DE 0A 00 00 00 01 10 00 81 01 00 01 A9 82 BE 65 12
12 12
12 21 00 53 01 C0 01 02 17 02 10 00 81 02 10 01 21 02 10 0D 25 02 10 02 22 02 10 05 81 02 10 06 81 61 0B B2 98 12
12 12
12 38 00 C1 01 C0 02 01 17 01 10 00 81 01 00 01 01 10 01 21 01 00 00 01 10 0D 25 02 00 2F 26 01 10 02 22 04 00 5E 09 00 00 01 10 05 81 02 00 67 11 01 10 06 81 01 00 01 D7 B2 2D 61 12
12 12
12 16 00 AE 00 C0 01 03 01 07 10 11 00 82 40 42 0F 00 02 10 00 81 C5 6A E2 0B 12
12 12
12 1B 00 5C 01 C0 03 01 01 08 10 11 01 82 20 DB DE 0A 00 00 00 01 10 00 81 01 00 01 A9 82 BE 65 12
12 12
12 21 00 53 01 C0 01 02 1E 02 10 00 81 02 10 01 21 02 10 0D 25 02 10 02 22 02 10 05 81 02 10 06 81 94 1E A8 94 12
12 12
12 38 00 C1 01 C0 02 01 1E 01 10 00 81 01 00 01 01 10 01 21 01 00 00 01 10 0D 25 02 00 2E 26 01 10 02 22 04 00 A0 09 00 00 01 10 05 81 02 00 67 11 01 10 06 81 01 00 01 1B 4A 4C 72 12
12 12
12 16 00 AE 00 C0 01 03 01 07 10 11 00 82 40 42 0F 00 02 10 00 81 C5 6A E2 0B 12
12 12
12 1B 00 5C 01 C0 03 01 01 08 10 11 01 82 20 DB DE 0A 00 00 00 01 10 00 81 01 00 01 A9 82 BE 65 12
12 12
12 21 00 53 01 C0 01 02 25 02 10 00 81 02 10 01 21 02 10 0D 25 02 10 02 22 02 10 05 81 02 10 06 81 2B 83 39 B6 12
12 12
12 38 00 C1 01 C0 02 01 25 01 10 00 81 01 00 01 01 10 01 21 01 00 00 01 10 0D 25 02 00 2D 26 01 10 02 22 04 00 B2 09 00 00 01 10 05 81 02 00 67 11 01 10 06 81 01 00 01 20 4C 07 60 12
12 12
12 16 00 AE 00 C0 01 03 01 07 10 11 00 82 40 42 0F 00 02 10 00 81 C5 6A E2 0B 12
12 12
12 1B 00 5C 01 C0 03 01 01 08 10 11 01 82 20 DB DE 0A 00 00 00 01 10 00 81 01 00 01 A9 82 BE 65 12
12 12
12 16 00 AE 00 C0 01 03 01 07 10 11 00 82 40 42 0F 00 02 10 00 81 C5 6A E2 0B 12
12 12
12 1B 00 5C 01 C0 03 01 01 08 10 11 01 82 20 DB DE 0A 00 00 00 01 10 00 81 01 00 00 E8 B3 A5 7C 12
12 12
12 21 00 53 01 C0 01 02 2C 02 10 00 81 02 10 01 21 02 10 0D 25 02 10 02 22 02 10 05 81 02 10 06 81 DE 96 23 BA 12
12 12
12 38 00 C1 01 C0 02 01 2C 01 10 00 81 01 00 00 01 10 01 21 01 00 00 01 10 0D 25 02 00 2C 26 01 10 02 22 04 00 00 00 00 00 01 10 05 81 02 00 67 11 01 10 06 81 01 00 01 EF C0 B3 CE 12
12 12
12 21 00 53 01 C0 01 02 2F 02 10 00 81 02 10 01 21 02 10 0D 25 02 10 02 22 02 10 05 81 02 10 06 81 F9 91 FD B8 12
12 12
12 38 00 C1 01 C0 02 01 2F 01 10 00 81 01 00 00 01 10 01 21 01 00 00 01 10 0D 25 02 00 2C 26 01 10 02 22 04 00 00 00 00 00 01 10 05 81 02 00 67 11 01 10 06 81 01 00 01 8B F5 61 88 12
12 12
12 16 00 AE 00 C0 01 03 01 07 10 11 00 82 40 42 0F 00 02 10 00 81 C5 6A E2 0B 12
12 12
12 1B 00 5C 01 C0 03 01 01 08 10 11 01 82 20 DB DE 0A 00 00 00 01 10 00 81 01 00 00 E8 B3 A5 7C 12
12 12
12 21 00 53 01 C0 01 02 34 02 10 00 81 02 10 01 21 02 10 0D 25 02 10 02 22 02 10 05 81 02 10 06 81 E6 AF D3 AC 12
12 12
12 38 00 C1 01 C0 02 01 34 01 10 00 81 01 00 00 01 10 01 21 01 00 00 01 10 0D 25 02 00 2B 26 01 10 02 22 04 00 00 00 00 00 01 10 05 81 02 00 67 11 01 10 06 81 01 00 01 8A 27 64 47 12
12 12
12 16 00 AE 00 C0 01 03 01 07 10 11 00 82 40 42 0F 00 02 10 00 81 C5 6A E2 0B 12
12 12
12 1B 00 5C 01 C0 03 01 01 08 10 11 01 82 20 DB DE 0A 00 00 00 01 10 00 81 01 00 00 E8 B3 A5 7C 12
12 12
12 21 00 53 01 C0 01 02 3B 02 10 00 81 02 10 01 21 02 10 0D 25 02 10 02 22 02 10 05 81 02 10 06 81 5D B4 75 A5 12
12 12
12 38 00 C1 01 C0 02 01 3B 01 10 00 81 01 00 00 01 10 01 21 01 00 00 01 10 0D 25 02 00 2B 26 01 10 02 22 04 00 00 00 00 00 01 10 05 81 02 00 67 11 01 10 06 81 01 00 01 3F C1 8F C1 12
12 12
12 16 00 AE 00 C0 01 03 01 07 10 11 00 82 40 42 0F 00 02 10 00 81 C5 6A E2 0B 12
12 12
12 1B 00 5C 01 C0 03 01 01 08 10 11 01 82 20 DB DE 0A 00 00 00 01 10 00 81 01 00 00 E8 B3 A5 7C 12
12 12
12 21 00 53 01 C0 01 02 42 02 10 00 81 02 10 01 21 02 10 0D 25 02 10 02 22 02 10 05 81 02 10 06 81 98 94 F0 E9 12
12 12
12 38 00 C1 01 C0 02 01 42 01 10 00 81 01 00 00 01 10 01 21 01 00 00 01 10 0D 25 02 00 2B 26 01 10 02 22 04 00 00 00 00 00 01 10 05 81 02 00 67 11 01 10 06 81 01 00 01 CD 0D 47 10 12
12 12
12 16 00 AE 00 C0 01 03 01 07 10 11 00 82 40 42 0F 00 02 10 00 81 C5 6A E2 0B 12
12 12
12 1B 00 5C 01 C0 03 01 01 08 10 11 01 82 20 DB DE 0A 00 00 00 01 10 00 81 01 00 00 E8 B3 A5 7C 12
12 12
12 16 00 AE 00 C0 01 03 01 07 10 11 00 82 40 42 0F 00 02 10 00 81 C5 6A E2 0B 12
12 12
12 1B 00 5C 01 C0 03 01 01 08 10 11 01 82 20 DB DE 0A 00 00 00 01 10 00 81 01 00 00 E8 B3 A5 7C 12
12 12
12 21 00 53 01 C0 01 02 49 02 10 00 81 02 10 01 21 02 10 0D 25 02 10 02 22 02 10 05 81 02 10 06 81 57 7B 81 E6 12
12 12
12 38 00 C1 01 C0 02 01 49 01 10 00 81 01 00 00 01 10 01 21 01 00 00 01 10 0D 25 02 00 2B 26 01 10 02 22 04 00 00 00 00 00 01 10 05 81 02 00 67 11 01 10 06 81 01 00 01 08 58 6B 60 12
12 12
12 16 00 AE 00 C0 01 03 01 07 10 11 00 82 40 42 0F 00 02 10 00 81 C5 6A E2 0B 12
12 12
12 1B 00 5C 01 C0 03 01 01 08 10 11 01 82 20 DB DE 0A 00 00 00 01 10 00 81 01 00 00 E8 B3 A5 7C 12
12 12
12 21 00 53 01 C0 01 02 50 02 10 00 81 02 10 01 21 02 10 0D 25 02 10 02 22 02 10 05 81 02 10 06 81 72 BF C4 F1 12
12 12
12 38 00 C1 01 C0 02 01 50 01 10 00 81 01 00 00 01 10 01 21 01 00 00 01 10 0D 25 02 00 2B 26 01 10 02 22 04 00 00 00 00 00 01 10 05 81 02 00 67 11 01 10 06 81 01 00 01 37 15 D8 06 12
12 12
12 16 00 AE 00 C0 01 03 01 07 10 11 00 82 40 42 0F 00 02 10 00 81 C5 6A E2 0B 12
12 12
12 1B 00 5C 01 C0 03 01 01 08 10 11 01 82 20 DB DE 0A 00 00 00 01 10 00 81 01 00 00 E8 B3 A5 7C 12
12                                                                                                                                                                                                                                                                                                                                                                                                                                                                                                                                                                                                                                                                                                                                                                                                                                                                                                                                                                                                                                                                                                                                                                                                                                                                                                                                                                                                                                                                                                                                                                                                                                                                                                                                                                                                                                                                                                                                                                                                                                                                                                                                                                                                                                                                                                                                                                                                                                                                                                                                                                                                                                                                                                                                                                                                                                                                                                                                              