12 1A 00 31 00 C0 FF 03 00 00 20 00 00 00 00 00 00 00 00 00 00 00 00 10 00 FF 06 DA EE 2D 12
12 22 00 E4 00 C0 01 03 01 07 10 13 02 10 02 81 02 10 01 02 02 10 15 81 02 10 14 81 16 82 00 00 01 00 68 CC 78 60 12
12 1A 00 31 01 C0 FF 03 00 00 20 00 00 00 00 00 00 00 00 00 00 00 00 10 00 FF 21 BF CB AC 12
12 1A 00 31 01 C0 FF 03 00 00 20 00 00 00 00 00 00 00 00 00 00 00 00 10 00 FF 21 BF CB AC 12
12 22 00 E4 01 C0 01 03 01 07 10 13 02 10 02 81 02 10 01 02 02 10 15 81 02 10 14 81 16 82 00 00 01 00 C2 C9 A2 91 12
12 21 00 53 01 C0 01 02 01 02 10 00 81 02 10 01 21 02 10 0D 25 02 10 02 22 02 10 05 81 02 10 06 81 FF D4 51 86 12
12 15 00 19 01 C0 01 02 03 02 10 0B 25 02 10 0C 25 02 10 14 81 70 CC CE 7A 12
12 22 00 E4 00 C0 01 03 01 07 10 13 02 10 02 81 02 10 01 02 02 10 15 81 02 10 14 81 16 82 00 00 01 00 68 CC 78 60 12
12 21 00 53 01 C0 01 02 04 02 10 00 81 02 10 01 21 02 10 0D 25 02 10 02 22 02 10 05 81 02 10 06 81 96 DD 33 81 12
12 13 00 B6 01 C0 01 02 06 06 03 00 16 16 82 00 00 00 00 14 F5 E1 3A 12
12 22 00 E4 00 C0 01 03 01 07 10 13 02 10 02 81 02 10 01 02 02 10 15 81 02 10 14 81 16 82 00 00 01 00 68 CC 78 60 12
12 30 00 2B 01 C0 03 01 01 08 10 13 01 10 02 81 02 00 22 00 01 10 01 02 04 00 20 DB DE 0A 00 01 10 15 81 02 00 D8 72 01 10 14 81 02 00 76 48 01 00 F8 85 6C E5 12
12 21 00 53 01 C0 01 02 07 02 10 00 81 02 10 01 21 02 10 0D 25 02 10 02 22 02 10 05 81 02 10 06 81 B1 DA ED 83 12
12 38 00 C1 01 C0 02 01 07 01 10 00 81 01 00 00 01 10 01 21 01 00 00 01 10 0D 25 02 00 03 26 01 10 02 22 04 00 00 00 00 00 01 10 05 81 02 00 67 11 01 10 06 81 01 00 01 08 D1 D8 C9 12
12 16 00 AE 00 C0 01 03 01 07 10 11 00 82 40 42 0F 00 02 10 00 81 C5 6A E2 0B 12
12 1B 00 5C 01 C0 03 01 01 08 10 11 01 82 20 DB DE 0A 00 00 00 01 10 00 81 01 00 00 E8 B3 A5 7C 12
12 21 00 53 01 C0 01 02 09 02 10 00 81 02 10 01 21 02 10 0D 25 02 10 02 22 02 10 05 81 02 10 06 81 17 3C FE 8B 12
12 38 00 C1 01 C0 02 01 09 01 10 00 81 01 00 00 01 10 01 21 01 00 00 01 10 0D 25 02 00 03 26 01 10 02 22 04 00 00 00 00 00 01 10 05 81 02 00 67 11 01 10 06 81 01 00 01 61 DB DD 82 72 12
12 16 00 AE 00 C0 01 03 01 07 10 11 00 82 40 42 0F 00 02 10 00 81 C5 6A E2 0B 12
12 1B 00 5C 01 C0 03 01 01 08 10 11 01 82 20 DB DE 0A 00 00 00 01 10 00 81 01 00 00 E8 B3 A5 7C 12
12 16 00 AE 00 C0 01 03 01 07 10 11 00 82 40 42 0F 00 02 10 00 81 C5 6A E2 0B 12
12 1B 00 5C 01 C0 03 01 01 08 10 11 01 82 20 DB DE 0A 00 00 00 01 10 00 81 01 00 00 E8 B3 A5 7C 12
12 21 00 53 01 C0 01 02 0B 02 10 00 81 02 10 01 21 02 10 0D 25 02 10 02 22 02 10 05 81 02 10 06 81 2D C6 95 88 12
12 38 00 C1 01 C0 02 01 0B 01 10 00 81 01 00 00 01 10 01 21 01 00 00 01 10 0D 25 02 00 03 26 01 10 02 22 04 00 00 00 00 00 01 10 05 81 02 00 67 11 01 10 06 81 01 00 01 D9 02 E1 09 12
12 15 00 19 01 C0 01 02 0D 02 10 0B 25 02 10 0C 25 02 10 14 81 DB DD 3A 4C 5A 12
12 21 00 53 01 C0 02 01 0D 01 10 0B 25 02 00 A0 0F 01 10 0C 25 02 00 05 0F 01 10 14 81 02 00 76 48 94 AF 7E E6 12
12 16 00 AE 00 C0 01 03 01 07 10 11 00 82 40 42 0F 00 02 10 00 81 C5 6A E2 0B 12
12 1B 00 5C 01 C0 03 01 01 08 10 11 01 82 20 DB DE 0A 00 00 00 01 10 00 81 01 00 00 E8 B3 A5 7C 12
12 21 00 53 01 C0 01 02 13 02 10 00 81 02 10 01 21 02 10 0D 25 02 10 02 22 02 10 05 81 02 10 06 81 15 FF 65 9E 12
12 38 00 C1 01 C0 02 01 13 01 10 00 81 01 00 00 01 10 01 21 01 00 00 01 10 0D 25 02 00 03 26 01 10 02 22 04 00 00 00 00 00 01 10 05 81 02 00 67 11 01 10 06 81 01 00 01 3A A3 E3 52 12
12 13 00 B6 01 C0 01 02 16 06 03 00 16 16 82 00 00 00 00 E8 18 F9 36 12
12 24 00 4B 01 C0 02 01 16 07 03 16 30 32 34 38 4A 42 2E 30 30 2E 30 33 2E 30 30 32 2E 30 30 30 38 00 01 00 F1 7B 25 DB DD 12
12 16 00 AE 00 C0 01 03 01 07 10 11 00 82 40 42 0F 00 02 10 00 81 C5 6A E2 0B 12
12 1B 00 5C 01 C0 03 01 01 08 10 11 01 82 20 DB DE 0A 00 00 00 01 10 00 81 01 00 00 E8 B3 A5 7C 12
12 21 00 53 01 C0 01 02 1B 02 10 00 81 02 10 01 21 02 10 0D 25 02 10 02 22 02 10 05 81 02 10 06 81 FD 17 CA 93 12
12 38 00 C1 01 C0 02 01 1B 01 10 00 81 01 00 00 01 10 01 21 01 00 00 01 10 0D 25 02 00 03 26 01 10 02 22 04 00 00 00 00 00 01 10 05 81 02 00 67 11 01 10 06 81 01 00 01 9B C3 1D 64 12
12 16 00 AE 00 C0 01 03 01 07 10 11 00 82 40 42 0F 00 02 10 00 81 C5 6A E2 0B 12
12 1B 00 5C 01 C0 03 01 01 08 10 11 01 82 20 DB DE 0A 00 00 00 01 10 00 81 01 00 00 E8 B3 A5 7C 12
12 21 00 53 01 C0 01 02 22 02 10 00 81 02 10 01 21 02 10 0D 25 02 10 02 22 02 10 05 81 02 10 06 81 78 70 30 B2 12
12 38 00 C1 01 C0 02 01 22 01 10 00 81 01 00 00 01 10 01 21 01 00 00 01 10 0D 25 02 00 03 26 01 10 02 22 04 00 00 00 00 00 01 10 05 81 02 00 67 11 01 10 06 81 01 00 01 20 0C 57 D9 12
12 16 00 AE 00 C0 01 03 01 07 10 11 00 82 40 42 0F 00 02 10 00 81 C5 6A E2 0B 12
12 1B 00 5C 01 C0 03 01 01 08 10 11 01 82 20 DB DE 0A 00 00 00 01 10 00 81 01 00 00 E8 B3 A5 7C 12
12 16 00 AE 00 C0 01 03 01 07 10 11 00 82 40 42 0F 00 02 10 00 81 C5 6A E2 0B 12
12 1B 00 5C 01 C0 03 01 01 08 10 11 01 82 20 DB DE 0A 00 00 00 01 10 00 81 01 00 00 E8 B3 A5 7C 12
12 21 00 53 01 C0 01 02 29 02 10 00 81 02 10 01 21 02 10 0D 25 02 10 02 22 02 10 05 81 02 10 06 81 B7 9F 41 BD 12
12 38 00 C1 01 C0 02 01 29 01 10 00 81 01 00 00 01 10 01 21 01 00 00 01 10 0D 25 02 00 03 26 01 10 02 22 04 00 00 00 00 00 01 10 05 81 02 00 67 11 01 10 06 81 01 00 01 E5 59 7B A9 12
12 16 00 AE 00 C0 01 03 01 07 10 11 00 82 40 42 0F 00 02 10 00 81 C5 6A E2 0B 12
12 1B 00 5C 01 C0 03 01 01 08 10 11 01 82 20 DB DE 0A 00 00 00 01 10 00 81 01 00 00 E8 B3 A5 7C 12
12 21 00 53 01 C0 01 02 30 02 10 00 81 02 10 01 21 02 10 0D 25 02 10 02 22 02 10 05 81 02 10 06 81 92 5B 04 AA 12
12 38 00 C1 01 C0 02 01 30 01 10 00 81 01 00 00 01 10 01 21 01 00 00 01 10 0D 25 02 00 03 26 01 10 02 22 04 00 00 00 00 00 01 10 05 81 02 00 67 11 01 10 06 81 01 00 01 DA 14 C8 CF 12
12 16 00 AE 00 C0 01 03 01 07 10 11 00 82 40 42 0F 00 02 10 00 81 C5 6A E2 0B 12
12 1B 00 5C 01 C0 03 01 01 08 10 11 01 82 20 DB DE 0A 00 00 00 01 10 00 81 01 00 00 E8 B3 A5 7C 12
12 21 00 53 01 C0 01 02 37 02 10 00 81 02 10 01 21 02 10 0D 25 02 10 02 22 02 10 05 81 02 10 06 81 C1 A8 0D AE 12
12 38 00 C1 01 C0 02 01 37 01 10 00 81 01 00 00 01 10 01 21 01 00 00 01 10 0D 25 02 00 03 26 01 10 02 22 04 00 00 00 00 00 01 10 05 81 02 00 67 11 01 10 06 81 01 00 01 CE 92 DD 7F 12
12 16 00 AE 00 C0 01 03 01 07 10 11 00 82 40 42 0F 00 02 10 00 81 C5 6A E2 0B 12
12 1B 00 5C 01 C0 03 01 01 08 10 11 01 82 20 DB DE 0A 00 00 00 01 10 00 81 01 00 00 E8 B3 A5 7C 12
12 21 00 53 01 C0 01 02 3E 02 10 00 81 02 10 01 21 02 10 0D 25 02 10 02 22 02 10 05 81 02 10 06 81 34 BD 17 A2 12
12 38 00 C1 01 C0 02 01 3E 01 10 00 81 01 00 00 01 10 01 21 01 00 00 01 10 0D 25 02 00 03 26 01 10 02 22 04 00 00 00 00 00 01 10 05 81 02 00 67 91 CC 1C AC 00 C0 01 81 01 06 00 22 00 82 40 42 0F 00 02 10 00 81 C5 6A E2 0B 12
12 21 00 53 01 C0 01 02 41 02 10 00 81 02 10 01 21 02 10 0D 25 02 10 02 22 02 10 05 81 02 10 06 81 BF 93 2E EB 12
12 38 00 C1 01 C0 02 01 41 01 10 00 81 01 00 00 01 10 01 21 01 00 00 01 10 0D 25 02 00 03 26 01 10 02 22 04 00 00 00 00 00 01 10 05 81 02 00 67 11 01 10 06 81 01 00 01 89 B8 FE 28 12
12 16 00 AE 00 C0 01 03 01 07 10 11 00 82 40 42 0F 00 02 10 00 81 C5 6A E2 0B 12
12 1B 00 5C 01 C0 03 01 01 08 10 11 01 82 20 DB DE 0A 00 00 00 01 10 00 81 01 00 00 E8 B3 A5 7C 12
12 21 00 53 01 C0 01 02 46 02 10 00 81 02 10 01 21 02 10 0D 25 02 10 02 22 02 10 05 81 02 10 06 81 EC 60 27 EF 12
12 38 00 C1 01 C0 02 01 46 01 10 00 81 01 00 00 01 10 01 21 01 00 00 01 10 0D 25 02 00 03 26 01 10 02 22 04 00 00 00 00 00 01 10 05 81 02 00 67 11 01 10 06 81 01 00 01 9D 3E EB 98 12
12 16 00 AE 00 C0 01 03 01 07 10 11 00 82 40 42 0F 00 02 10 00 81 C5 6A E2 0B 12
12 1B 00 5C 01 C0 03 01 01 08 10 11 01 82 20 DB DE 0A 00 00 00 01 10 00 81 01 00 00 E8 B3 A5 7C 12
12 21 00 53 01 C0 01 02 4D 02 10 00 81 02 10 01 21 02 10 0D 25 02 10 02 22 02 10 05 81 02 10 06 81 23 8F 56 E0 12
12 38 00 C1 01 C0 02 01 4D 01 10 00 81 01 00 00 01 10 01 21 01 00 00 01 10 0D 25 02 00 03 26 01 10 02 22 04 00 00 00 00 00 01 10 05 81 02 00 67 11 01 10 06 81 01 00 01 58 6B C7 E8 12
12 16 00 AE 00 C0 01 03 01 07 10 11 00 82 40 42 0F 00 02 10 00 81 C5 6A E2 0B 12
12 1B 00 5C 01 C0 03 01 01 08 10 11 01 82 20 DB DE 0A 00 00 00 01 10 00 81 01 00 00 E8 B3 A5 7C 12
12 21 00 53 01 C0 01 02 54 02 10 00 81 02 10 01 21 02 10 0D 25 02 10 02 22 02 10 05 81 02 10 06 81 06 4B 13 F7 12
12 38 00 C1 01 C0 02 01 54 01 10 00 81 01 00 00 01 10 01 21 01 00 00 01 10 0D 25 02 00 03 26 01 10 02 22 04 00 00 00 00 00 01 10 05 81 02 00 67 11 01 10 06 81 01 00 01 67 26 74 8E 12
12 16 00 AE 00 C0 01 03 01 07 10 11 00 82 40 42 0F 00 02 10 00 81 C5 6A E2 0B 12
12 1B 00 5C 01 C0 03 01 01 08 10 11 01 82 20 DB DE 0A 00 00 00 01 10 00 81 01 00 00 E8 B3 A5 7C 12
12 21 00 53 01 C0 01 02 5B 02 10 00 81 02 10 01 21 02 10 0D 25 02 10 02 22 02 10 05 81 02 10 06 81 BD 50 B5 FE 12 92 CC 0C D6 00 C0 00 03 01 07 10 01 00 82 40 02 87 00 02 10 00 81 85 2A C2 0B 02 26 01 10 02 22 04 00 00 00 00 00 01 10 05 81 02 00 67 11 01 10 06 81 01 00 01 D2 C0 9F 08 12
12 21 00 53 01 C0 01 02 5E 02 10 00 81 02 10 01 21 02 10 0D 25 02 10 02 22 02 10 05 81 02 10 06 81 D4 59 D7 F9 12
12 38 00 C1 01 C0 02 01 5E 01 10 00 81 01 00 00 01 10 01 21 01 00 00 01 10 0D 25 02 00 03 26 01 10 02 22 04 00 00 00 00 00 01 10 05 81 02 00 67 11 01 10 06 81 01 00 01 7E 9F E9 C3 12
12 16 00 AE 00 C0 01 03 01 07 10 11 00 82 40 42 0F 00 02 10 00 81 C5 6A E2 0B 12
12 1B 00 5C 01 C0 03 01 01 08 10 11 01 82 20 DB DE 0A 00 00 00 01 10 00 81 01 00 00 E8 B3 A5 7C 12
12 21 00 53 01 C0 01 02 63 02 10 00 81 02 10 01 21 02 10 0D 25 02 10 02 22 02 10 05 81 02 10 06 81 25 CA FA DE 12
12 38 00 C1 01 C0 02 01 63 01 10 00 81 01 00 00 01 10 01 21 01 00 00 01 10 0D 25 02 00 03 26 01 10 02 22 04 00 00 00 00 00 01 10 05 81 02 00 67 11 01 10 06 81 01 00 01 B5 E3 64 88 12
12 16 00 AE 00 C0 01 03 01 07 10 11 00 82 40 42 0F 00 02 10 00 81 C5 6A E2 0B 12
12 1B 00 5C 01 C0 03 01 01 08 10 11 01 82 20 DB DE 0A 00 00 00 01 10 00 81 01 00 00 E8 B3 A5 7C 12
12 21 00 53 01 C0 01 02 6A 02 10 00 81 02 10 01 21 02 10 0D 25 02 10 02 22 02 10 05 81 02 10 06 81 D0 DF E0 D2 12
12 38 00 C1 01 C0 02 01 6A 01 10 00 81 01 00 00 01 10 01 21 01 00 00 01 10 0D 25 02 00 03 26 01 10 02 22 04 00 00 00 00 00 01 10 05 81 02 00 67 11 01 10 06 81 01 00 01 C8 6F 2B 83 12
12 16 00 AE 00 C0 01 03 01 07 10 11 00 82 40 42 0F 00 02 10 00 81 C5 6A E2 0B 12
12 1B 00 5C 01 C0 03 01 01 08 10 11 01 82 20 DB DE 0A 00 00 00 01 10 00 81 01 00 00 E8 B3 A5 7C 12
12 21 00 53 01 C0 01 02 71 02 10 00 81 02 10 01 21 02 10 0D 25 02 10 02 22 02 10 05 81 02 10 06 81 CF E1 CE C6 12
12 38 00 C1 01 C0 02 01 71 01 10 00 81 01 00 00 01 10 01 21 01 00 00 01 10 0D 25 02 00 03 26 01 10 02 22 04 00 00 00 00 00 01 10 05 81 02 00 67 11 01 10 06 81 01 00 01 4F FB FB 9E 12
12 16 00 AE 00 C0 01 03 01 07 10 11 00 82 40 42 0F 00 02 10 00 81 C5 6A E2 0B 12
12 1B 00 5C 01 C0 03 01 01 08 10 11 01 82 20 DB DE 0A 00 00 00 01 10 00 81 01 00 00 E8 B3 A5 7C 12
12 21 00 53 01 C0 01 02 78 02 10 00 81 02 10 01 21 02 10 0D 25 02 10 02 22 02 10 05 81 02 10 06 81 3A F4 D4 CA 12
12 16 00 AE 00 C0 01 03 01 07 10 11 00 82 40 42 0F 00 02 10 00 81 C5 6A E2 0B 12
12 1B 00 5C 01 C0 03 01 01 08 10 11 01 82 20 DB DE 0A 00 00 00 01 10 00 81 01 00 00 E8 B3 A5 7C 12
12 21 00 53 01 C0 01 02 7B 02 10 00 81 02 10 01 21 02 10 0D 25 02 10 02 22 02 10 05 81 02 10 06 81 1D F3 0A C8 12
12 38 00 C1 01 C0 02 01 7B 01 10 00 81 01 00 00 01 10 01 21 01 00 00 01 10 0D 25 02 00 03 26 01 10 02 22 04 00 00 00 00 00 01 10 05 81 02 00 67 11 01 10 06 81 01 00 01 56 42 66 D3 12
12 16 00 AE 00 C0 01 03 01 07 10 11 00 82 40 42 0F 00 02 10 00 81 C5 6A E2 0B 12
12 1B 00 5C 01 C0 03 01 01 08 10 11 01 82 20 DB DE 0A 00 00 00 01 10 00 81 01 00 00 E8 B3 A5 7C 12
12 21 00 53 01 C0 01 02 80 02 10 00 81 02 10 01 21 02 10 0D 25 02 10 02 22 02 10 05 81 02 10 06 81 62 A7 1A 5D 12
12 38 00 C1 01 C0 02 01 80 01 10 00 81 01 00 00 01 10 01 21 01 00 00 01 10 0D 25 02 00 03 26 01 10 02 22 04 00 00 00 00 00 01 10 05 81 02 00 67 11 01 10 06 81 01 00 01 8E 51 C9 A0 12
12 16 00 AE 00 C0 01 03 01 07 10 11 00 82 40 42 0F 00 02 10 00 81 C5 6A E2 0B 12
12 1B 00 5C 01 C0 03 01 01 08 10 11 01 82 20 DB DE 0A 00 00 00 01 10 00 81 01 00 00 E8 B3 A5 7C 12
12 21 00 53 01 C0 01 02 87 02 10 00 81 02 10 01 21 02 10 0D 25 02 10 02 22 02 10 05 81 02 10 06 81 31 54 13 59 12
12 38 00 C1 01 C0 02 01 87 01 10 00 81 01 00 00 01 10 01 21 01 00 00 01 10 0D 25 02 00 03 26 01 10 02 22 04 00 00 00 00 00 01 10 05 81 02 00 67 11 01 10 06 81 01 00 01 9A D7 DC 10 12
12 16 00 AE 00 C0 01 03 01 07 10 11 00 82 40 42 0F 00 02 10 00 81 C5 6A E2 0B 12
12 1B 00 5C 01 C0 03 01 01 08 10 11 01 82 20 DB DE 0A 00 00 00 01 10 00 81 01 00 00 E8 B3 A5 7C 12
12 21 00 53 01 C0 01 02 8E 02 10 00 81 02 10 01 21 02 10 0D 25 02 10 02 22 02 10 05 81 02 10 06 81 C4 41 09 55 12
12 38 00 C1 01 C0 02 01 8E 01 10 00 81 01 00 00 01 10 01 21 01 00 00 01 10 0D 25 02 00 03 26 01 10 02 22 04 00 00 00 00 00 01 10 05 81 02 00 67 11 01 10 06 81 01 00 01 E7 5B 93 1B 12
12 16 00 AE 00 C0 01 03 01 07 10 11 00 82 40 42 0F 00 02 10 00 81 C5 6A E2 0B 12
12 1B 00 5C 01 C0 03 01 01 08 10 11 01 82 20 DB DE 0A 00 00 00 01 10 00 81 01 00 00 E8 B3 A5 7C 12 
