12 1A 00 31 00 C0 FF 03 00 00 20 00 00 00 00 00 00 00 00 00 00 00 00 10 00 FF 06 DA EE 2D 12
12 20 00 3E 00 C0 01 03 01 07 10 13 02 10 00 81 02 10 02 81 02 10 01 02 02 10 15 81 02 10 14 81 E7 F3 D3 C0 12
12 1A 00 31 01 C0 01 02 00 00 20 00 00 04 00 23 00 03 03 02 00 00 00 10 00 FF 69 4D 83 84 12
12 21 00 53 01 C0 01 02 01 02 10 00 81 02 10 01 21 02 10 0D 25 02 10 02 22 02 10 05 81 02 10 06 81 FF D4 51 86 12
12 0D 00 E6 01 C0 01 02 03 06 03 00 16 FC AD 54 9E 12
12 20 00 3E 00 C0 01 03 01 07 10 13 02 10 00 81 02 10 02 81 02 10 01 02 02 10 15 81 02 10 14 81 E7 F3 D3 C0 12
12 21 00 53 01 C0 01 02 04 02 10 00 81 02 10 01 21 02 10 0D 25 02 10 02 22 02 10 05 81 02 10 06 81 96 DD 33 81 12
12 21 00 53 01 C0 01 02 05 02 10 00 81 02 10 01 21 02 10 0D 25 02 10 02 22 02 10 05 81 02 10 06 81 8B 20 86 80 12
12 19 00 86 01 C0 01 02 07 02 10 0B 25 02 10 0C 25 02 10 07 81 02 10 08 81 86 6E 1B 1D 12
12 21 00 53 01 C0 01 02 08 02 10 00 81 02 10 01 21 02 10 0D 25 02 10 02 22 02 10 05 81 02 10 06 81 0A C1 4B 8A 12
12 20 00 3E 00 C0 01 03 01 07 10 13 02 10 00 81 02 10 02 81 02 10 01 02 02 10 15 81 02 10 14 81 E7 F3 D3 C0 12
12 21 00 53 01 C0 01 02 0A 02 10 00 81 02 10 01 21 02 10 0D 25 02 10 02 22 02 10 05 81 02 10 06 81 30 3B 20 89 12
12 21 00 53 01 C0 01 02 0B 02 10 00 81 02 10 01 21 02 10 0D 25 02 10 02 22 02 10 05 81 02 10 06 81 2D C6 95 88 12
12 21 00 53 01 C0 01 02 0C 02 10 00 81 02 10 01 21 02 10 0D 25 02 10 02 22 02 10 05 81 02 10 06 81 7E 35 9C 8C 12
12 21 00 53 01 C0 01 02 0D 02 10 00 81 02 10 01 21 02 10 0D 25 02 10 02 22 02 10 05 81 02 10 06 81 63 C8 29 8D 12
12 20 00 3E 00 C0 01 03 01 07 10 13 02 10 00 81 02 10 02 81 02 10 01 02 02 10 15 81 02 10 14 81 E7 F3 D3 C0 12
12 21 00 53 01 C0 01 02 0E 02 10 00 81 02 10 01 21 02 10 0D 25 02 10 02 22 02 10 05 81 02 10 06 81 44 CF F7 8F 12
12 21 00 53 01 C0 01 02 10 02 10 00 81 02 10 01 21 02 10 0D 25 02 10 02 22 02 10 05 81 02 10 06 81 32 F8 BB 9C 12
12 21 00 53 01 C0 01 02 DB DE 02 10 00 81 02 10 01 21 02 10 0D 25 02 10 02 22 02 10 05 81 02 10 06 81 08 02 D0 9F 12
12 21 00 53 01 C0 01 02 13 02 10 00 81 02 10 01 21 02 10 0D 25 02 10 02 22 02 10 05 81 02 10 06 81 15 FF 65 9E 12
12 20 00 3E 00 C0 01 03 01 07 10 13 02 10 00 81 02 10 02 81 02 10 01 02 02 10 15 81 02 10 14 81 E7 F3 D3 C0 12
12 21 00 53 01 C0 01 02 14 02 10 00 81 02 10 01 21 02 10 0D 25 02 10 02 22 02 10 05 81 02 10 06 81 46 0C 6C 9A 12
12 21 00 53 01 C0 01 02 15 02 10 00 81 02 10 01 21 02 10 0D 25 02 10 02 22 02 10 05 81 02 10 06 81 5B F1 D9 9B 12
12 21 00 53 01 C0 01 02 17 02 10 00 81 02 10 01 21 02 10 0D 25 02 10 02 22 02 10 05 81 02 10 06 81 61 0B B2 98 12
12 21 00 53 01 C0 01 02 18 02 10 00 81 02 10 01 21 02 10 0D 25 02 10 02 22 02 10 05 81 02 10 06 81 DA 10 14 91 12
12 20 00 3E 00 C0 01 03 01 07 10 13 02 10 00 81 02 10 02 81 02 10 01 02 02 10 15 81 02 10 14 81 E7 F3 D3 C0 12
12 21 00 53 01 C0 01 02 19 02 10 00 81 02 10 01 21 02 10 0D 25 02 10 02 22 02 10 05 81 02 10 06 81 C7 ED A1 90 12
12 21 00 53 01 C0 01 02 1A 02 10 00 81 02 10 01 21 02 10 0D 25 02 10 02 22 02 10 05 81 02 10 06 81 E0 EA 7F 92 12
12 21 00 53 01 C0 01 02 1B 02 10 00 81 02 10 01 21 02 10 0D 25 02 10 02 22 02 10 05 81 02 10 06 81 FD 17 CA 93 12
12 0D 00 E6 01 C0 01 02 1D 06 03 00 16 E5 8E 65 F7 12 FE 
12 20 00 3E 00 C0 01 03 01 07 10 13 02 10 00 81 02 10 02 81 02 10 01 02 02 10 15 81 02 10 14 81 E7 F3 D3 C0 12
12 21 00 53 01 C0 01 02 1F 02 10 00 81 02 10 01 21 02 10 0D 25 02 10 02 22 02 10 05 81 02 10 06 81 89 E3 1D 95 12
12 21 00 53 01 C0 01 02 20 02 10 00 81 02 10 01 21 02 10 0D 25 02 10 02 22 02 10 05 81 02 10 06 81 42 8A 5B B1 12
12 21 00 53 01 C0 01 02 21 02 10 00 81 02 10 01 21 02 10 0D 25 02 10 02 22 02 10 05 81 02 10 06 81 5F 77 EE B0 12
12 21 00 53 01 C0 01 02 22 02 10 00 81 02 10 01 21 02 10 0D 25 02 10 02 22 02 10 05 81 02 10 06 81 78 70 30 B2 12
12 20 00 3E 00 C0 01 03 01 07 10 13 02 10 00 81 02 10 02 81 02 10 01 02 02 10 15 81 02 10 14 81 E7 F3 D3 C0 12
12 21 00 53 01 C0 01 02 24 02 10 00 81 02 10 01 21 02 10 0D 25 02 10 02 22 02 10 05 81 02 10 06 81 36 7E 8C B7 12
12 21 00 53 01 C0 01 02 25 02 10 00 81 02 10 01 21 02 10 0D 25 02 10 02 22 02 10 05 81 02 10 06 81 2B 83 39 B6 12
12 21 00 53 01 C0 01 02 26 02 10 00 81 02 10 01 21 02 10 0D 25 02 10 02 22 02 10 05 81 02 10 06 81 0C 84 E7 B4 12
12 21 00 53 01 C0 01 02 27 02 10 00 81 02 10 01 21 02 10 0D 25 02 10 02 22 02 10 05 81 02 10 06 81 11 79 52 B5 12
12 20 00 3E 00 C0 01 03 01 07 10 13 02 10 00 81 02 10 02 81 02 10 01 02 02 10 15 81 02 10 14 81 E7 F3 D3 C0 12
12 21 00 53 01 C0 01 02 28 02 10 00 81 02 10 01 21 02 10 0D 25 02 10 02 22 02 10 05 81 02 10 06 81 AA 62 F4 BC 12
12 21 00 53 01 C0 01 02 2A 02 10 00 81 02 10 01 21 02 10 0D 25 02 10 02 22 02 10 05 81 02 10 06 81 90 98 9F BF 12
12 21 00 53 01 C0 01 02 2B 02 10 00 81 02 10 01 21 02 10 0D 25 02 10 02 22 02 10 05 81 02 10 06 81 8D 65 2A BE 12
12 21 00 53 01 C0 01 02 2C 02 10 00 81 02 10 01 21 02 10 0D 25 02 10 02 22 02 10 05 81 02 10 06 81 DE 96 23 BA 12
12 20 00 3E 00 C0 01 03 01 07 10 13 02 10 00 81 02 10 02 81 02 10 01 02 02 10 15 81 02 10 14 81 E7 F3 D3 C0 12
12 21 00 53 01 C0 01 02 2D 02 10 00 81 02 10 01 21 02 10 0D 25 02 10 02 22 02 10 05 81 02 10 06 81 C3 6B 96 BB 12
12 21 00 53 01 C0 01 02 2E 02 10 00 81 02 10 01 21 02 10 0D 25 02 10 02 22 02 10 05 81 02 10 06 81 E4 6C 48 B9 12
12 21 00 53 01 C0 01 02 30 02 10 00 81 02 10 01 21 02 10 0D 25 02 10 02 22 02 10 05 81 02 10 06 81 92 5B 04 AA 12
12 20 00 3E 00 C0 01 03 01 07 10 13 02 10 00 81 02 10 02 81 02 10 01 02 02 10 15 81 02 10 14 81 E7 F3 D3 C0 12
12 16 00 AE 00 C0 01 03 01 07 10 DB DE 00 82 98 3A 00 00 02 10 00 81 D7 BA B5 68 12
12 1B 00 5C 01 C0 03 01 01 08 10 11 01 82 20 DB DE 0A 00 00 00 01 10 00 81 01 00 00 E8 B3 A5 7C 12
12 21 00 53 01 C0 01 02 33 02 10 00 81 02 10 01 21 02 10 0D 25 02 10 02 22 02 10 05 81 02 10 06 81 B5 5C DA A8 12
12 38 00 C1 01 C0 02 01 33 01 10 00 81 01 00 00 01 10 01 21 01 00 00 01 10 0D 25 02 00 10 27 01 10 02 22 04 00 00 00 00 00 01 10 05 81 02 00 10 27 01 10 06 81 01 00 01 59 F5 87 54 12
12 21 00 53 01 C0 01 02 34 02 10 00 81 02 10 01 21 02 10 0D 25 02 10 02 22 02 10 05 81 02 10 06 81 E6 AF D3 AC 12
12 38 00 C1 01 C0 02 01 34 01 10 00 81 01 00 00 01 10 01 21 01 00 00 01 10 0D 25 02 00 10 27 01 10 02 22 04 00 00 00 00 00 01 10 05 81 02 00 10 27 01 10 06 81 01 00 01 4D 73 92 E4 12
12 0D 00 E6 01 C0 01 02 36 06 03 00 16 E5 F0 79 53 12
12 16 00 AE 00 C0 01 03 01 07 10 DB DE 00 82 98 3A 00 00 02 10 00 81 D7 BA B5 68 12
12 21 00 53 01 C0 01 02 37 02 10 00 81 02 10 01 21 02 10 0D 25 02 10 02 22 02 10 05 81 02 10 06 81 C1 A8 0D AE 12
12 21 00 53 01 C0 01 02 39 02 10 00 81 02 10 01 21 02 10 0D 25 02 10 02 22 02 10 05 81 02 10 06 81 67 4E 1E A6 12
12 21 00 53 01 C0 01 02 3A 02 10 00 81 02 10 01 21 02 10 0D 25 02 10 02 22 02 10 05 81 02 10 06 81 40 49 C0 A4 12
12 16 00 AE 00 C0 01 03 01 07 10 DB DE 00 82 98 3A 00 00 02 10 00 81 D7 BA B5 68 12
12 21 00 53 01 C0 01 02 3B 02 10 00 81 02 10 01 21 02 10 0D 25 02 10 02 22 02 10 05 81 02 10 06 81 5D B4 75 A5 12
12 21 00 53 01 C0 01 02 3C 02 10 00 81 02 10 01 21 02 10 0D 25 02 10 02 22 02 10 05 81 02 10 06 81 0E 47 7C A1 12
12 21 00 53 01 C0 01 02 3D 02 10 00 81 02 10 01 21 02 10 0D 25 02 10 02 22 02 10 05 81 02 10 06 81 13 BA C9 A0 12
12 21 00 53 01 C0 01 02 3F 02 10 00 81 02 10 01 21 02 10 0D 25 02 10 02 22 02 10 05 81 02 10 06 81 29 40 A2 A3 12
12 21 00 53 01 C0 01 02 40 02 10 00 81 02 10 01 21 02 10 0D 25 02 10 02 22 02 10 05 81 02 10 06 81 A2 6E 9B EA 12
12 16 00 AE 00 C0 01 03 01 07 10 DB DE 00 82 98 3A 00 00 02 10 00 81 D7 BA B5 68 12
12 21 00 53 01 C0 01 02 41 02 10 00 81 02 10 01 21 02 10 0D 25 02 10 02 22 02 10 05 81 02 10 06 81 BF 93 2E EB 12
12 21 00 53 01 C0 01 02 42 02 10 00 81 02 10 01 21 02 10 0D 25 02 10 02 22 02 10 05 81 02 10 06 81 98 94 F0 E9 12
12 21 00 53 01 C0 01 02 43 02 10 00 81 02 10 01 21 02 10 0D 25 02 10 02 22 02 10 05 81 02 10 06 81 85 69 45 E8 12
12 21 00 53 01 C0 01 02 45 02 10 00 81 02 10 01 21 02 10 0D 25 02 10 02 22 02 10 05 81 02 10 06 81 CB 67 F9 ED 12
12 21 00 53 01 C0 01 02 46 02 10 00 81 02 10 01 21 02 10 0D 25 02 10 02 22 02 10 05 81 02 10 06 81 EC 60 27 EF 12
12 16 00 AE 00 C0 01 03 01 07 10 DB DE 00 82 98 3A 00 00 02 10 00 81 D7 BA B5 68 12
12 21 00 53 01 C0 01 02 47 02 10 00 81 02 10 01 21 02 10 0D 25 02 10 02 22 02 10 05 81 02 10 06 81 F1 9D 92 EE 12
12 21 00 53 01 C0 01 02 48 02 10 00 81 02 10 01 21 02 10 0D 25 02 10 02 22 02 10 05 81 02 10 06 81 4A 86 34 E7 12
12 21 00 53 01 C0 01 02 49 02 10 00 81 02 10 01 21 02 10 0D 25 02 10 02 22 02 10 05 81 02 10 06 81 57 7B 81 E6 12
12 0D 00 E6 01 C0 01 02 4B 06 03 00 16 A4 74 2C 64 12
12 21 00 53 01 C0 01 02 4C 02 10 00 81 02 10 01 21 02 10 0D 25 02 10 02 22 02 10 05 81 02 10 06 81 3E 72 E3 E1 12
12 16 00 AE 00 C0 01 03 01 07 10 DB DE 00 82 98 3A 00 00 02 10 00 81 D7 BA B5 68 12
12 21 00 53 01 C0 01 02 4D 02 10 00 81 02 10 01 21 02 10 0D 25 02 10 02 22 02 10 05 81 02 10 06 81 23 8F 56 E0 12
12 21 00 53 01 C0 01 02 4E 02 10 00 81 02 10 01 21 02 10 0D 25 02 10 02 22 02 10 05 81 02 10 06 81 04 88 88 E2 12
12 21 00 53 01 C0 01 02 4F 02 10 00 81 02 10 01 21 02 10 0D 25 02 10 02 22 02 10 05 81 02 10 06 81 19 75 3D E3 12
12 21 00 53 01 C0 01 02 51 02 10 00 81 02 10 01 21 02 10 0D 25 02 10 02 22 02 10 05 81 02 10 06 81 6F 42 71 F0 12
12 21 00 53 01 C0 01 02 52 02 10 00 81 02 10 01 21 02 10 0D 25 02 10 02 22 02 10 05 81 02 10 06 81 48 45 AF F2 12
12 16 00 AE 00 C0 01 03 01 07 10 DB DE 00 82 98 3A 00 00 02 10 00 81 D7 BA B5 68 12
12 21 00 53 01 C0 01 02 53 02 10 00 81 02 10 01 21 02 10 0D 25 02 10 02 22 02 10 05 81 02 10 06 81 55 B8 1A F3 12
12 21 00 53 01 C0 01 02 54 02 10 00 81 02 10 01 21 02 10 0D 25 02 10 02 22 02 10 05 81 02 10 06 81 06 4B 13 F7 12
12 21 00 53 01 C0 01 02 55 02 10 00 81 02 10 01 21 02 10 0D 25 02 10 02 22 02 10 05 81 02 10 06 81 1B B6 A6 F6 12
12 21 00 53 01 C0 01 02 57 02 10 00 81 02 10 01 21 02 10 0D 25 02 10 02 22 02 10 05 81 02 10 06 81 21 4C CD F5 12
12 21 00 53 01 C0 01 02 58 02 10 00 81 02 10 01 21 02 10 0D 25 02 10 02 22 02 10 05 81 02 10 06 81 9A 57 6B FC 12
12 16 00 AE 00 C0 01 03 01 07 10 DB DE 00 82 98 3A 00 00 02 10 00 81 D7 BA B5 68 12
12 21 00 53 01 C0 01 02 59 02 10 00 81 02 10 01 21 02 10 0D 25 02 10 02 22 02 10 05 81 02 10 06 81 87 AA DE FD 12
12 21 00 53 01 C0 01 02 5A 02 10 00 81 02 10 01 21 02 10 0D 25 02 10 02 22 02 10 05 81 02 10 06 81 A0 AD 00 FF 12
12 21 00 53 01 C0 01 02 5B 02 10 00 81 02 10 01 21 02 10 0D 25 02 10 02 22 02 10 05 81 02 10 06 81 BD 50 B5 FE 12
12 21 00 53 01 C0 01 02 5D 02 10 00 81 02 10 01 21 02 10 0D 25 02 10 02 22 02 10 05 81 02 10 06 81 F3 5E 09 FB 12
12 21 00 53 01 C0 01 02 5E 02 10 00 81 02 10 01 21 02 10 0D 25 02 10 02 22 02 10 05 81 02 10 06 81 D4 59 D7 F9 12
12 16 00 AE 00 C0 01 03 01 07 10 DB DE 00 82 98 3A 00 00 02 10 00 81 D7 BA B5 68 12
12 21 00 53 01 C0 01 02 5F 02 10 00 81 02 10 01 21 02 10 0D 25 02 10 02 22 02 10 05 81 02 10 06 81 C9 A4 62 F8 12
12 21 00 53 01 C0 01 02 60 02 10 00 81 02 10 01 21 02 10 0D 25 02 10 02 22 02 10 05 81 02 10 06 81 02 CD 24 DC 12
12 21 00 53 01 C0 01 02 61 02 10 00 81 02 10 01 21 02 10 0D 25 02 10 02 22 02 10 05 81 02 10 06 81 1F 30 91 DD 12
12 0D 00 E6 01 C0 01 02 63 06 03 00 16 47 0D BF 4E 12
12 21 00 53 01 C0 01 02 64 02 10 00 81 02 10 01 21 02 10 0D 25 02 10 02 22 02 10 05 81 02 10 06 81 76 39 F3 DA 12
12 16 00 AE 00 C0 01 03 01 07 10 DB DE 00 82 98 3A 00 00 02 10 00 81 D7 BA B5 68 12
12 21 00 53 01 C0 01 02 65 02 10 00 81 02 10 01 21 02 10 0D 25 02 10 02 22 02 10 05 81 02 10 06 81 6B C4 46 DB DD 12
12 21 00 53 01 C0 01 02 66 02 10 00 81 02 10 01 21 02 10 0D 25 02 10 02 22 02 10 05 81 02 10 06 81 4C C3 98 D9 12
12 21 00 53 01 C0 01 02 67 02 10 00 81 02 10 01 21 02 10 0D 25 02 10 02 22 02 10 05 81 02 10 06 81 51 3E 2D D8 12
12 21 00 53 01 C0 01 02 69 02 10 00 81 02 10 01 21 02 10 0D 25 02 10 02 22 02 10 05 81 02 10 06 81 F7 D8 3E D0 12
12 21 00 53 01 C0 01 02 6A 02 10 00 81 02 10 01 21 02 10 0D 25 02 10 02 22 02 10 05 81 02 10 06 81 D0 DF E0 D2 12
12 16 00 AE 00 C0 01 03 01 07 10 DB DE 00 82 98 3A 00 00 02 10 00 81 D7 BA B5 68 12 
12 21 00 53 01 C0 01 02 6B 02 10 00 81 02 10 01 21 02 10 0D 25 02 10 02 22 02 10 05 81 02 10 06 81 CD 22 55 D3 12
12 21 00 53 01 C0 01 02 6C 02 10 00 81 02 10 01 21 02 10 0D 25 02 10 02 22 02 10 05 81 02 10 06 81 9E D1 5C D7 12
12 21 00 53 01 C0 01 02 6D 02 10 00 81 02 10 01 21 02 10 0D 25 02 10 02 22 02 10 05 81 02 10 06 81 83 2C E9 D6 12
12 21 00 53 01 C0 01 02 6F 02 10 00 81 02 10 01 21 02 10 0D 25 02 10 02 22 02 10 05 81 02 10 06 81 B9 D6 82 D5 12
12 21 00 53 01 C0 01 02 70 02 10 00 81 02 10 01 21 02 10 0D 25 02 10 02 22 02 10 05 81 02 10 06 81 D2 1C 7B C7 12
12 16 00 AE 00 C0 01 03 01 07 10 DB DE 00 82 98 3A 00 00 02 10 00 81 D7 BA B5 68 12
12 21 00 53 01 C0 01 02 71 02 10 00 81 02 10 01 21 02 10 0D 25 02 10 02 22 02 10 05 81 02 10 06 81 CF E1 CE C6 12
12 21 00 53 01 C0 01 02 72 02 10 00 81 02 10 01 21 02 10 0D 25 02 10 02 22 02 10 05 81 02 10 06 81 E8 E6 10 C4 12
12 21 00 53 01 C0 01 02 73 02 10 00 81 02 10 01 21 02 10 0D 25 02 10 02 22 02 10 05 81 02 10 06 81 F5 1B A5 C5 12
12 21 00 53 01 C0 01 02 75 02 10 00 81 02 10 01 21 02 10 0D 25 02 10 02 22 02 10 05 81 02 10 06 81 BB 15 19 C0 12
12 21 00 53 01 C0 01 02 76 02 10 00 81 02 10 01 21 02 10 0D 25 02 10 02 22 02 10 05 81 02 10 06 81 9C DB DE C7 C2 12
12 16 00 AE 00 C0 01 03 01 07 10 DB DE 00 82 98 3A 00 00 02 10 00 81 D7 BA B5 68 12
12 21 00 53 01 C0 01 02 77 02 10 00 81 02 10 01 21 02 10 0D 25 02 10 02 22 02 10 05 81 02 10 06 81 81 EF 72 C3 12
12 21 00 53 01 C0 01 02 78 02 10 00 81 02 10 01 21 02 10 0D 25 02 10 02 22 02 10 05 81 02 10 06 81 3A F4 D4 CA 12
12 21 00 53 01 C0 01 02 79 02 10 00 81 02 10 01 21 02 10 0D 25 02 10 02 22 02 10 05 81 02 10 06 81 27 09 61 CB 12
12 0D 00 E6 01 C0 01 02 7B 06 03 00 16 D9 27 E1 E1 12
12 21 00 53 01 C0 01 02 7C 02 10 00 81 02 10 01 21 02 10 0D 25 02 10 02 22 02 10 05 81 02 10 06 81 4E 00 03 CC 12
12 16 00 AE 00 C0 01 03 01 07 10 DB DE 00 82 98 3A 00 00 02 10 00 81 D7 BA B5 68 12
12 21 00 53 01 C0 01 02 7D 02 10 00 81 02 10 01 21 02 10 0D 25 02 10 02 22 02 10 05 81 02 10 06 81 53 FD B6 CD 12
12 38 00 C1 01 C0 02 01 7D 01 10 00 81 01 00 00 01 10 01 21 01 00 00 01 10 0D 25 02 00 10 27 01 10 02 22 04 00 00 00 00 00 01 10 05 81 02 00 10 27 01 10 06 81 01 00 01 79 FC 5F 83 12
12 19 00 86 01 C0 01 02 7E 02 10 0B 25 02 10 0C 25 02 10 07 81 02 10 08 81 4A D8 65 2A 12
12 21 00 53 01 C0 01 02 7F 02 10 00 81 02 10 01 21 02 10 0D 25 02 10 02 22 02 10 05 81 02 10 06 81 69 07 DD CE 12
12 21 00 53 01 C0 01 02 81 02 10 00 81 02 10 01 21 02 10 0D 25 02 10 02 22 02 10 05 81 02 10 06 81 7F 5A AF 5C 12
12 21 00 53 01 C0 01 02 82 02 10 00 81 02 10 01 21 02 10 0D 25 02 10 02 22 02 10 05 81 02 10 06 81 58 5D 71 5E 12
12 21 00 53 01 C0 01 02 83 02 10 00 81 02 10 01 21 02 10 0D 25 02 10 02 22 02 10 05 81 02 10 06 81 45 A0 C4 5F 12
12 16 00 AE 00 C0 01 03 01 07 10 DB DE 00 82 98 3A 00 00 02 10 00 81 D7 BA B5 68 12
12 1B 00 5C 01 C0 03 01 01 08 10 11 01 82 20 DB DE 0A 00 00 00 01 10 00 81 01 00 00 E8 B3 A5 7C 12
12 21 00 53 01 C0 01 02 84 02 10 00 81 02 10 01 21 02 10 0D 25 02 10 02 22 02 10 05 81 02 10 06 81 16 53 CD 5B 12
12 38 00 C1 01 C0 02 01 84 01 10 00 81 01 00 00 01 10 01 21 01 00 00 01 10 0D 25 02 00 10 27 01 10 02 22 04 00 00 00 00 00 01 10 05 81 02 00 10 27 01 10 06 81 01 00 01 19 36 93 8B 12
12 16 00 AE 00 C0 01 03 01 07 10 DB DE 00 82 98 3A 00 00 02 10 00 81 D7 BA B5 68 12
12 1B 00 5C 01 C0 03 01 01 08 10 11 01 82 20 DB DE 0A 00 00 00 01 10 00 81 01 00 00 E8 B3 A5 7C 12
12 21 00 53 01 C0 01 02 86 02 10 00 81 02 10 01 21 02 10 0D 25 02 10 02 22 02 10 05 81 02 10 06 81 2C A9 A6 58 12
12 38 00 C1 01 C0 02 01 86 01 10 00 81 01 00 00 01 10 01 21 01 00 00 01 10 0D 25 02 00 10 27 01 10 02 22 04 00 00 00 00 00 01 10 05 81 02 00 10 27 01 10 06 81 01 00 01 A1 EF F0 F0 12
12 21 00 53 01 C0 01 02 88 02 10 00 81 02 10 01 21 02 10 0D 25 02 10 02 22 02 10 05 81 02 10 06 81 8A 4F B5 50 12
12 38 00 C1 01 C0 02 01 88 01 10 00 81 01 00 00 01 10 01 21 01 00 00 01 10 0D 25 02 00 10 27 01 10 02 22 04 00 00 00 00 00 01 10 05 81 02 00 10 27 01 10 06 81 01 00 01 C8 E5 AA 4B 12
12 16 00 AE 00 C0 01 03 01 07 10 DB DE 00 82 98 3A 00 00 02 10 00 81 D7 BA B5 68 12
12 1B 00 5C 01 C0 03 01 01 08 10 11 01 82 20 DB DE 0A 00 00 00 01 10 00 81 01 00 00 E8 B3 A5 7C 12
12 21 00 53 01 C0 01 02 89 02 10 00 81 02 10 01 21 02 10 0D 25 02 10 02 22 02 10 05 81 02 10 06 81 97 B2 00 51 12
12 38 00 C1 01 C0 02 01 89 01 10 00 81 01 00 00 01 10 01 21 01 00 00 01 10 0D 25 02 00 10 27 01 10 02 22 04 00 00 00 00 00 01 10 05 81 02 00 10 27 01 10 06 81 01 00 01 14 09 1B 76 12
12 0D 00 E6 01 C0 01 02 8B 06 03 00 16 93 33 8A 1E 12
12 16 00 AE 00 C0 01 03 01 07 10 DB DE 00 82 98 3A 00 00 02 10 00 81 D7 BA B5 68 12
12 21 00 53 01 C0 01 02 8C 02 10 00 81 02 10 01 21 02 10 0D 25 02 10 02 22 02 10 05 81 02 10 06 81 FE BB 62 56 12
12 21 00 53 01 C0 01 02 8E 02 10 00 81 02 10 01 21 02 10 0D 25 02 10 02 22 02 10 05 81 02 10 06 81 C4 41 09 55 12
12 21 00 53 01 C0 01 02 8F 02 10 00 81 02 10 01 21 02 10 0D 25 02 10 02 22 02 10 05 81 02 10 06 81 D9 BC BC 54 12
12 21 00 53 01 C0 01 02 90 02 10 00 81 02 10 01 21 02 10 0D 25 02 10 02 22 02 10 05 81 02 10 06 81 B2 76 45 46 12
12 16 00 AE 00 C0 01 03 01 07 10 DB DE 00 82 98 3A 00 00 02 10 00 81 D7 BA B5 68 12
12 21 00 53 01 C0 01 02 91 02 10 00 81 02 10 01 21 02 10 0D 25 02 10 02 22 02 10 05 81 02 10 06 81 AF 8B F0 47 12
12 21 00 53 01 C0 01 02 92 02 10 00 81 02 10 01 21 02 10 0D 25 02 10 02 22 02 10 05 81 02 10 06 81 88 8C 2E 45 12
12 21 00 53 01 C0 01 02 94 02 10 00 81 02 10 01 21 02 10 0D 25 02 10 02 22 02 10 05 81 02 10 06 81 C6 82 92 40 12
12 21 00 53 01 C0 01 02 95 02 10 00 81 02 10 01 21 02 10 0D 25 02 10 02 22 02 10 05 81 02 10 06 81 DB DD 7F 27 41 12
12 21 00 53 01 C0 01 02 96 02 10 00 81 02 10 01 21 02 10 0D 25 02 10 02 22 02 10 05 81 02 10 06 81 FC 78 F9 43 12
12 16 00 AE 00 C0 01 03 01 07 10 DB DE 00 82 98 3A 00 00 02 10 00 81 D7 BA B5 68 12
12 21 00 53 01 C0 01 02 97 02 10 00 81 02 10 01 21 02 10 0D 25 02 10 02 22 02 10 05 81 02 10 06 81 E1 85 4C 42 12
12 21 00 53 01 C0 01 02 98 02 10 00 81 02 10 01 21 02 10 0D 25 02 10 02 22 02 10 05 81 02 10 06 81 5A 9E EA 4B 12
12 21 00 53 01 C0 01 02 9A 02 10 00 81 02 10 01 21 02 10 0D 25 02 10 02 22 02 10 05 81 02 10 06 81 60 64 81 48 12
12 21 00 53 01 C0 01 02 9B 02 10 00 81 02 10 01 21 02 10 0D 25 02 10 02 22 02 10 05 81 02 10 06 81 7D 99 34 49 12
12 21 00 53 01 C0 01 02 9C 02 10 00 81 02 10 01 21 02 10 0D 25 02 10 02 22 02 10 05 81 02 10 06 81 2E 6A 3D 4D 12
12 16 00 AE 00 C0 01 03 01 07 10 DB DE 00 82 98 3A 00 00 02 10 00 81 D7 BA B5 68 12
12 21 00 53 01 C0 01 02 9D 02 10 00 81 02 10 01 21 02 10 0D 25 02 10 02 22 02 10 05 81 02 10 06 81 33 97 88 4C 12
12 21 00 53 01 C0 01 02 9E 02 10 00 81 02 10 01 21 02 10 0D 25 02 10 02 22 02 10 05 81 02 10 06 81 14 90 56 4E 12
12 0D 00 E6 01 C0 01 02 A0 06 03 00 16 93 4D 96 BA 12
12 21 00 53 01 C0 01 02 A1 02 10 00 81 02 10 01 21 02 10 0D 25 02 10 02 22 02 10 05 81 02 10 06 81 DF F9 10 6A 12
12 21 00 53 01 C0 01 02 A2 02 10 00 81 02 10 01 21 02 10 0D 25 02 10 02 22 02 10 05 81 02 10 06 81 F8 FE CE 68 12
12 16 00 AE 00 C0 01 03 01 07 10 DB DE 00 82 98 3A 00 00 02 10 00 81 D7 BA B5 68 12
12 21 00 53 01 C0 01 02 A3 02 10 00 81 02 10 01 21 02 10 0D 25 02 10 02 22 02 10 05 81 02 10 06 81 E5 03 7B 69 12
12 21 00 53 01 C0 01 02 A4 02 10 00 81 02 10 01 21 02 10 0D 25 02 10 02 22 02 10 05 81 02 10 06 81 B6 F0 72 6D 12
12 21 00 53 01 C0 01 02 A6 02 10 00 81 02 10 01 21 02 10 0D 25 02 10 02 22 02 10 05 81 02 10 06 81 8C 0A 19 6E 12
12 21 00 53 01 C0 01 02 A7 02 10 00 81 02 10 01 21 02 10 0D 25 02 10 02 22 02 10 05 81 02 10 06 81 91 F7 AC 6F 12
12 21 00 53 01 C0 01 02 A8 02 10 00 81 02 10 01 21 02 10 0D 25 02 10 02 22 02 10 05 81 02 10 06 81 2A EC 0A 66 12
12 16 00 AE 00 C0 01 03 01 07 10 DB DE 00 82 98 3A 00 00 02 10 00 81 D7 BA B5 68 12
12 21 00 53 01 C0 01 02 A9 02 10 00 81 02 10 01 21 02 10 0D 25 02 10 02 22 02 10 05 81 02 10 06 81 37 11 BF 67 12
12 21 00 53 01 C0 01 02 AA 02 10 00 81 02 10 01 21 02 10 0D 25 02 10 02 22 02 10 05 81 02 10 06 81 10 16 61 65 12
12 21 00 53 01 C0 01 02 AC 02 10 00 81 02 10 01 21 02 10 0D 25 02 10 02 22 02 10 05 81 02 10 06 81 5E 18 DD 60 12
12 21 00 53 01 C0 01 02 AD 02 10 00 81 02 10 01 21 02 10 0D 25 02 10 02 22 02 10 05 81 02 10 06 81 43 E5 68 61 12
12 21 00 53 01 C0 01 02 AE 02 10 00 81 02 10 01 21 02 10 0D 25 02 10 02 22 02 10 05 81 02 10 06 81 64 E2 B6 63 12
12 16 00 AE 00 C0 01 03 01 07 10 DB DE 00 82 98 3A 00 00 02 10 00 81 D7 BA B5 68 12
12 21 00 53 01 C0 01 02 AF 02 10 00 81 02 10 01 21 02 10 0D 25 02 10 02 22 02 10 05 81 02 10 06 81 79 1F 03 62 12
12 21 00 53 01 C0 01 02 B0 02 10 00 81 02 10 01 21 02 10 0D 25 02 10 02 22 02 10 05 81 02 10 06 81 DB DE D5 FA 70 12
12 21 00 53 01 C0 01 02 B2 02 10 00 81 02 10 01 21 02 10 0D 25 02 10 02 22 02 10 05 81 02 10 06 81 28 2F 91 73 12
12 21 00 53 01 C0 01 02 B3 02 10 00 81 02 10 01 21 02 10 0D 25 02 10 02 22 02 10 05 81 02 10 06 81 35 D2 24 72 12
12 21 00 53 01 C0 01 02 B4 02 10 00 81 02 10 01 21 02 10 0D 25 02 10 02 22 02 10 05 81 02 10 06 81 66 21 2D 76 12
12 16 00 AE 00 C0 01 03 01 07 10 DB DE 00 82 98 3A 00 00 02 10 00 81 D7 BA B5 68 12
12 21 00 53 01 C0 01 02 B5 02 10 00 81 02 10 01 21 02 10 0D 25 02 10 02 22 02 10 05 81 02 10 06 81 7B DC 98 77 12
12 21 00 53 01 C0 01 02 B6 02 10 00 81 02 10 01 21 02 10 0D 25 02 10 02 22 02 10 05 81 02 10 06 81 5C DB DD 46 75 12
12 0D 00 E6 01 C0 01 02 B8 06 03 00 16 0D 67 C8 15 12
12 21 00 53 01 C0 01 02 B9 02 10 00 81 02 10 01 21 02 10 0D 25 02 10 02 22 02 10 05 81 02 10 06 81 E7 C0 E0 7C 12
12 21 00 53 01 C0 01 02 BA 02 10 00 81 02 10 01 21 02 10 0D 25 02 10 02 22 02 10 05 81 02 10 06 81 C0 C7 3E 7E 12
12 16 00 AE 00 C0 01 03 01 07 10 DB DE 00 82 98 3A 00 00 02 10 00 81 D7 BA B5 68 12
12 21 00 53 01 C0 01 02 BB 02 10 00 81 02 10 01 21 02 10 0D 25 02 10 02 22 02 10 05 81 02 10 06 81 DD 3A 8B 7F 12
12 38 00 C1 01 C0 02 01 BB 01 10 00 81 01 00 00 01 10 01 21 01 00 00 01 10 0D 25 02 00 10 27 01 10 02 22 04 00 00 00 00 00 01 10 05 81 02 00 10 27 01 10 06 81 01 00 01 6A 93 7D BB 12
12 16 00 AE 00 C0 01 03 01 07 10 DB DE 00 82 98 3A 00 00 02 10 00 81 D7 BA B5 68 12
12 1B 00 5C 01 C0 03 01 01 08 10 11 01 82 20 DB DE 0A 00 00 00 01 10 00 81 01 00 00 E8 B3 A5 7C 12
12 21 00 53 01 C0 01 02 BD 02 10 00 81 02 10 01 21 02 10 0D 25 02 10 02 22 02 10 05 81 02 10 06 81 93 34 37 7A 12
12 38 00 C1 01 C0 02 01 BD 01 10 00 81 01 00 00 01 10 01 21 01 00 00 01 10 0D 25 02 00 10 27 01 10 02 22 04 00 00 00 00 00 01 10 05 81 02 00 10 27 01 10 06 81 01 00 01 A2 F9 D9 36 12
12 16 00 AE 00 C0 01 03 01 07 10 DB DE 00 82 98 3A 00 00 02 10 00 81 D7 BA B5 68 12
12 1B 00 5C 01 C0 03 01 01 08 10 11 01 82 20 DB DE 0A 00 00 00 01 10 00 81 01 00 00 E8 B3 A5 7C 12
12 21 00 53 01 C0 01 02 BF 02 10 00 81 02 10 01 21 02 10 0D 25 02 10 02 22 02 10 05 81 02 10 06 81 A9 CE 5C 79 12
12 38 00 C1 01 C0 02 01 BF 01 10 00 81 01 00 00 01 10 01 21 01 00 00 01 10 0D 25 02 00 10 27 01 10 02 22 04 00 00 00 00 00 01 10 05 81 02 00 10 27 01 10 06 81 01 00 01 1A 20 BA 4D 12
12 16 00 AE 00 C0 01 03 01 07 10 DB DE 00 82 98 3A 00 00 02 10 00 81 D7 BA B5 68 12
12 1B 00 5C 01 C0 03 01 01 08 10 11 01 82 20 DB DE 0A 00 00 00 01 10 00 81 01 00 00 E8 B3 A5 7C 12
12 21 00 53 01 C0 01 02 C1 02 10 00 81 02 10 01 21 02 10 0D 25 02 10 02 22 02 10 05 81 02 10 06 81 3F 1D D0 31 12
12 38 00 C1 01 C0 02 01 C1 01 10 00 81 01 00 00 01 10 01 21 01 00 00 01 10 0D 25 02 00 10 27 01 10 02 22 04 00 00 00 00 00 01 10 05 81 02 00 10 27 01 10 06 81 01 00 01 FC 6A 67 2C 12
12 0D 00 E6 01 C0 01 02 C3 06 03 00 16 CB EA F2 E4 12
12 16 00 AE 00 C0 01 03 01 07 10 DB DE 00 82 98 3A 00 00 02 10 00 81 D7 BA B5 68 12
12 21 00 53 01 C0 01 02 C4 02 10 00 81 02 10 01 21 02 10 0D 25 02 10 02 22 02 10 05 81 02 10 06 81 56 14 B2 36 12
12 21 00 53 01 C0 01 02 C6 02 10 00 81 02 10 01 21 02 10 0D 25 02 10 02 22 02 10 05 81 02 10 06 81 6C EE D9 35 12
12 21 00 53 01 C0 01 02 C7 02 10 00 81 02 10 01 21 02 10 0D 25 02 10 02 22 02 10 05 81 02 10 06 81 71 13 6C 34 12
12 21 00 53 01 C0 01 02 C8 02 10 00 81 02 10 01 21 02 10 0D 25 02 10 02 22 02 10 05 81 02 10 06 81 CA 08 CA 3D 12
12 21 00 53 01 C0 01 02 C9 02 10 00 81 02 10 01 21 02 10 0D 25 02 10 02 22 02 10 05 81 02 10 06 81 D7 F5 7F 3C 12
12 16 00 AE 00 C0 01 03 01 07 10 DB DE 00 82 98 3A 00 00 02 10 00 81 D7 BA B5 68 12
12 21 00 53 01 C0 01 02 CA 02 10 00 81 02 10 01 21 02 10 0D 25 02 10 02 22 02 10 05 81 02 10 06 81 F0 F2 A1 3E 12
12 21 00 53 01 C0 01 02 CC 02 10 00 81 02 10 01 21 02 10 0D 25 02 10 02 22 02 10 05 81 02 10 06 81 BE FC 1D 3B 12
12 21 00 53 01 C0 01 02 CD 02 10 00 81 02 10 01 21 02 10 0D 25 02 10 02 22 02 10 05 81 02 10 06 81 A3 01 A8 3A 12
12 21 00 53 01 C0 01 02 CE 02 10 00 81 02 10 01 21 02 10 0D 25 02 10 02 22 02 10 05 81 02 10 06 81 84 06 76 38 12
12 21 00 53 01 C0 01 02 CF 02 10 00 81 02 10 01 21 02 10 0D 25 02 10 02 22 02 10 05 81 02 10 06 81 99 FB C3 39 12
12 16 00 AE 00 C0 01 03 01 07 10 DB DE 00 82 98 3A 00 00 02 10 00 81 D7 BA B5 68 12
12 21 00 53 01 C0 01 02 D0 02 10 00 81 02 10 01 21 02 10 0D 25 02 10 02 22 02 10 05 81 02 10 06 81 F2 31 3A 2B 12
12 21 00 53 01 C0 01 02 D2 02 10 00 81 02 10 01 21 02 10 0D 25 02 10 02 22 02 10 05 81 02 10 06 81 C8 CB 51 28 12
12 21 00 53 01 C0 01 02 D4 02 10 00 81 02 10 01 21 02 10 0D 25 02 10 02 22 02 10 05 81 02 10 06 81 86 C5 ED 2D 12
12 21 00 53 01 C0 01 02 D5 02 10 00 81 02 10 01 21 02 10 0D 25 02 10 02 22 02 10 05 81 02 10 06 81 9B 38 58 2C 12
12 21 00 53 01 C0 01 02 D7 02 10 00 81 02 10 01 21 02 10 0D 25 02 10 02 22 02 10 05 81 02 10 06 81 A1 C2 33 2F 12
12 16 00 AE 00 C0 01 03 01 07 10 DB DE 00 82 98 3A 00 00 02 10 00 81 D7 BA B5 68 12 FC 
12 21 00 53 01 C0 01 02 D8 02 10 00 81 02 10 01 21 02 10 0D 25 02 10 02 22 02 10 05 81 02 10 06 81 1A D9 95 26 12
12 0D 00 E6 01 C0 01 02 DA 06 03 00 16 CB C0 06 87 12
12 21 00 53 01 C0 01 02 DB DD 02 10 00 81 02 10 01 21 02 10 0D 25 02 10 02 22 02 10 05 81 02 10 06 81 3D DE 4B 24 12
12 21 00 53 01 C0 01 02 DC 02 10 00 81 02 10 01 21 02 10 0D 25 02 10 02 22 02 10 05 81 02 10 06 81 6E 2D 42 20 12
12 19 00 86 01 C0 01 02 DD 02 10 0B 25 02 10 0C 25 02 10 07 81 02 10 08 81 A7 85 C1 F4 12
12 16 00 AE 00 C0 01 03 01 07 10 DB DE 00 82 98 3A 00 00 02 10 00 81 D7 BA B5 68 12
12 21 00 53 01 C0 01 02 DE 02 10 00 81 02 10 01 21 02 10 0D 25 02 10 02 22 02 10 05 81 02 10 06 81 54 D7 29 23 12
12 21 00 53 01 C0 01 02 E0 02 10 00 81 02 10 01 21 02 10 0D 25 02 10 02 22 02 10 05 81 02 10 06 81 82 43 DA 06 12
12 21 00 53 01 C0 01 02 E1 02 10 00 81 02 10 01 21 02 10 0D 25 02 10 02 22 02 10 05 81 02 10 06 81 9F BE 6F 07 12
12 21 00 53 01 C0 01 02 E2 02 10 00 81 02 10 01 21 02 10 0D 25 02 10 02 22 02 10 05 81 02 10 06 81 B8 B9 B1 05 12
12 21 00 53 01 C0 01 02 E3 02 10 00 81 02 10 01 21 02 10 0D 25 02 10 02 22 02 10 05 81 02 10 06 81 A5 44 04 04 12
12 16 00 AE 00 C0 01 03 01 07 10 DB DE 00 82 98 3A 00 00 02 10 00 81 D7 BA B5 68 12
12 21 00 53 01 C0 01 02 E4 02 10 00 81 02 10 01 21 02 10 0D 25 02 10 02 22 02 10 05 81 02 10 06 81 F6 B7 0D 00 12
12 21 00 53 01 C0 01 02 E6 02 10 00 81 02 10 01 21 02 10 0D 25 02 10 02 22 02 10 05 81 02 10 06 81 CC 4D 66 03 12
12 21 00 53 01 C0 01 02 E7 02 10 00 81 02 10 01 21 02 10 0D 25 02 10 02 22 02 10 05 81 02 10 06 81 D1 B0 D3 02 12
12 21 00 53 01 C0 01 02 E8 02 10 00 81 02 10 01 21 02 10 0D 25 02 10 02 22 02 10 05 81 02 10 06 81 6A AB 75 0B 12
12 21 00 53 01 C0 01 02 E9 02 10 00 81 02 10 01 21 02 10 0D 25 02 10 02 22 02 10 05 81 02 10 06 81 77 56 C0 0A 12
12 16 00 AE 00 C0 01 03 01 07 10 DB DE 00 82 98 3A 00 00 02 10 00 81 D7 BA B5 68 12
12 21 00 53 01 C0 01 02 EA 02 10 00 81 02 10 01 21 02 10 0D 25 02 10 02 22 02 10 05 81 02 10 06 81 50 51 1E 08 12
12 21 00 53 01 C0 01 02 EC 02 10 00 81 02 10 01 21 02 10 0D 25 02 10 02 22 02 10 05 81 02 10 06 81 1E 5F A2 0D 12
12 21 00 53 01 C0 01 02 ED 02 10 00 81 02 10 01 21 02 10 0D 25 02 10 02 22 02 10 05 81 02 10 06 81 03 A2 17 0C 12
12 21 00 53 01 C0 01 02 EE 02 10 00 81 02 10 01 21 02 10 0D 25 02 10 02 22 02 10 05 81 02 10 06 81 24 A5 C9 0E 12
12 21 00 53 01 C0 01 02 EF 02 10 00 81 02 10 01 21 02 10 0D 25 02 10 02 22 02 10 05 81 02 10 06 81 39 58 7C 0F 12
12 16 00 AE 00 C0 01 03 01 07 10 DB DE 00 82 98 3A 00 00 02 10 00 81 D7 BA B5 68 12
12 21 00 53 01 C0 01 02 F1 02 10 00 81 02 10 01 21 02 10 0D 25 02 10 02 22 02 10 05 81 02 10 06 81 4F 6F 30 1C 12
12 0D 00 E6 01 C0 01 02 F3 06 03 00 16 B6 B9 3F 61 12
12 21 00 53 01 C0 01 02 F4 02 10 00 81 02 10 01 21 02 10 0D 25 02 10 02 22 02 10 05 81 02 10 06 81 26 66 52 1B 12
12 21 00 53 01 C0 01 02 F5 02 10 00 81 02 10 01 21 02 10 0D 25 02 10 02 22 02 10 05 81 02 10 06 81 3B 9B E7 1A 12
12 21 00 53 01 C0 01 02 F6 02 10 00 81 02 10 01 21 02 10 0D 25 02 10 02 22 02 10 05 81 02 10 06 81 1C 9C 39 18 12
12 16 00 AE 00 C0 01 03 01 07 10 DB DE 00 82 98 3A 00 00 02 10 00 81 D7 BA B5 68 12
12 21 00 53 01 C0 01 02 F7 02 10 00 81 02 10 01 21 02 10 0D 25 02 10 02 22 02 10 05 81 02 10 06 81 01 61 8C 19 12
12 21 00 53 01 C0 01 02 F9 02 10 00 81 02 10 01 21 02 10 0D 25 02 10 02 22 02 10 05 81 02 10 06 81 A7 87 9F 11 12
12 21 00 53 01 C0 01 02 FA 02 10 00 81 02 10 01 21 02 10 0D 25 02 10 02 22 02 10 05 81 02 10 06 81 80 80 41 13 12
12 21 00 53 01 C0 01 02 FB 02 10 00 81 02 10 01 21 02 10 0D 25 02 10 02 22 02 10 05 81 02 10 06 81 9D 7D F4 DB DE 12
12 21 00 53 01 C0 01 02 FC 02 10 00 81 02 10 01 21 02 10 0D 25 02 10 02 22 02 10 05 81 02 10 06 81 CE 8E FD 16 12
12 21 00 53 01 C0 01 02 FD 02 10 00 81 02 10 01 21 02 10 0D 25 02 10 02 22 02 10 05 81 02 10 06 81 D3 73 48 17 12
12 16 00 AE 00 C0 01 03 01 07 10 DB DE 00 82 98 3A 00 00 02 10 00 81 D7 BA B5 68 12
12 1B 00 5C 01 C0 03 01 01 08 10 11 01 82 20 DB DE 0A 00 00 00 01 10 00 81 01 00 00 E8 B3 A5 7C 12
12 21 00 53 01 C0 01 02 FF 02 10 00 81 02 10 01 21 02 10 0D 25 02 10 02 22 02 10 05 81 02 10 06 81 E9 89 23 14 12
12 38 00 C1 01 C0 02 01 FF 01 10 00 81 01 00 00 01 10 01 21 01 00 00 01 10 0D 25 02 00 10 27 01 10 02 22 04 00 00 00 00 00 01 10 05 81 02 00 10 27 01 10 06 81 01 00 01 53 23 38 21 12
12 21 00 53 01 C0 01 02 01 02 10 00 81 02 10 01 21 02 10 0D 25 02 10 02 22 02 10 05 81 02 10 06 81 FF D4 51 86 12
12 16 00 AE 00 C0 01 03 01 07 10 DB DE 00 82 98 3A 00 00 02 10 00 81 D7 BA B5 68 12
12 38 00 C1 01 C0 02 01 01 01 10 00 81 01 00 00 01 10 01 21 01 00 00 01 10 0D 25 02 00 10 27 01 10 02 22 04 00 00 00 00 00 01 10 05 81 02 00 10 27 01 10 06 81 01 00 01 27 6F E1 99 12
12 1B 00 5C 01 C0 03 01 01 08 10 11 01 82 20 DB DE 0A 00 00 00 01 10 00 81 01 00 00 E8 B3 A5 7C 12
12 21 00 53 01 C0 01 02 03 02 10 00 81 02 10 01 21 02 10 0D 25 02 10 02 22 02 10 05 81 02 10 06 81 C5 2E 3A 85 12
12 16 00 AE 00 C0 01 03 01 07 10 DB DE 00 82 98 3A 00 00 02 10 00 81 EB BA B5 68 12
12 0D 00 E6 01 C0 01 02 05 06 03 00 16 7B A4 3B 58 12
12 21 00 53 01 C0 01 02 06 02 10 00 81 02 10 01 21 02 10 0D 25 02 10 02 22 02 10 05 81 02 10 06 81 AC 27 58 82 12
12 21 00 53 01 C0 01 02 07 02 10 00 81 02 10 01 21 02 10 0D 25 02 10 02 22 02 10 05 81 02 10 06 81 B1 DA ED 83 12
12 21 00 53 01 C0 01 02 08 02 10 00 81 02 10 01 21 02 10 0D 25 02 10 02 22 02 10 05 81 02 10 06 81 0A C1 4B 8A 12
12 21 00 53 01 C0 01 02 09 02 10 00 81 02 10 01 21 02 10 0D 25 02 10 02 22 02 10 05 81 02 10 06 81 17 3C FE 8B 12
12 16 00 AE 00 C0 01 03 01 07 10 DB DE 00 82 98 3A 00 00 02 10 00 81 D7 BA B5 68 12
12 21 00 53 01 C0 01 02 0B 02 10 00 81 02 10 01 21 02 10 0D 25 02 10 02 22 02 10 05 81 02 10 06 81 2D C6 95 88 12
12 21 00 53 01 C0 01 02 0C 02 10 00 81 02 10 01 21 02 10 0D 25 02 10 02 22 02 10 05 81 02 10 06 81 7E 35 9C 8C 12
12 21 00 53 01 C0 01 02 0D 02 10 00 81 02 10 01 21 02 10 0D 25 02 10 02 22 02 10 05 81 02 10 06 81 63 C8 29 8D 12
12 21 00 53 01 C0 01 02 0E 02 10 00 81 02 10 01 21 02 10 0D 25 02 10 02 22 02 10 05 81 02 10 06 81 44 CF F7 8F 12
12 21 00 53 01 C0 01 02 0F 02 10 00 81 02 10 01 21 02 10 0D 25 02 10 02 22 02 10 05 81 02 10 06 81 59 32 42 8E 12
12 16 00 AE 00 C0 01 03 01 07 10 DB DE 00 82 98 3A 00 00 02 10 00 81 D7 BA B5 68 12
12 21 00 53 01 C0 01 02 11 02 10 00 81 02 10 01 21 02 10 0D 25 02 10 02 22 02 10 05 81 02 10 06 81 2F 05 0E 9D 12
12 21 00 53 01 C0 01 02 DB DE 02 10 00 81 02 10 01 21 02 10 0D 25 02 10 02 22 02 10 05 81 02 10 06 81 08 02 D0 9F 12
12 21 00 53 01 C0 01 02 13 02 10 00 81 02 10 01 21 02 10 0D 25 02 10 02 22 02 10 05 81 02 10 06 81 15 FF 65 9E 12
12 21 00 53 01 C0 01 02 14 02 10 00 81 02 10 01 21 02 10 0D 25 02 10 02 22 02 10 05 81 02 10 06 81 46 0C 6C 9A 12
12 21 00 53 01 C0 01 02 15 02 10 00 81 02 10 01 21 02 10 0D 25 02 10 02 22 02 10 05 81 02 10 06 81 5B F1 D9 9B 12
12 16 00 AE 00 C0 01 03 01 07 10 DB DE 00 82 98 3A 00 00 02 10 00 81 D7 BA B5 68 12
12 21 00 53 01 C0 01 02 17 02 10 00 81 02 10 01 21 02 10 0D 25 02 10 02 22 02 10 05 81 02 10 06 81 61 0B B2 98 12
12 21 00 53 01 C0 01 02 18 02 10 00 81 02 10 01 21 02 10 0D 25 02 10 02 22 02 10 05 81 02 10 06 81 DA 10 14 91 12
12 21 00 53 01 C0 01 02 19 02 10 00 81 02 10 01 21 02 10 0D 25 02 10 02 22 02 10 05 81 02 10 06 81 C7 ED A1 90 12
12 21 00 53 01 C0 01 02 1A 02 10 00 81 02 10 01 21 02 10 0D 25 02 10 02 22 02 10 05 81 02 10 06 81 E0 EA 7F 92 12
12 21 00 53 01 C0 01 02 1B 02 10 00 81 02 10 01 21 02 10 0D 25 02 10 02 22 02 10 05 81 02 10 06 81 FD 17 CA 93 12
12 16 00 AE 00 C0 01 03 01 07 10 DB DE 00 82 98 3A 00 00 02 10 00 81 D7 BA B5 68 12
12 0D 00 E6 01 C0 01 02 1D 06 03 00 16 E5 8E 65 F7 12
12 21 00 53 01 C0 01 02 1E 02 10 00 81 02 10 01 21 02 10 0D 25 02 10 02 22 02 10 05 81 02 10 06 81 94 1E A8 94 12
12 21 00 53 01 C0 01 02 1F 02 10 00 81 02 10 01 21 02 10 0D 25 02 10 02 22 02 10 05 81 02 10 06 81 89 E3 1D 95 12
12 21 00 53 01 C0 01 02 20 02 10 00 81 02 10 01 21 02 10 0D 25 02 10 02 22 02 10 05 81 02 10 06 81 42 8A 5B B1 12
12 21 00 53 01 C0 01 02 21 02 10 00 81 02 10 01 21 02 10 0D 25 02 10 02 22 02 10 05 81 02 10 06 81 5F 77 EE B0 12
12 16 00 AE 00 C0 01 03 01 07 10 DB DE 00 82 98 3A 00 00 02 10 00 81 D7 BA B5 68 12
12 21 00 53 01 C0 01 02 23 02 10 00 81 02 10 01 21 02 10 0D 25 02 10 02 22 02 10 05 81 02 10 06 81 65 8D 85 B3 12
12 21 00 53 01 C0 01 02 24 02 10 00 81 02 10 01 21 02 10 0D 25 02 10 02 22 02 10 05 81 02 10 06 81 36 7E 8C B7 12
12 21 00 53 01 C0 01 02 25 02 10 00 81 02 10 01 21 02 10 0D 25 02 10 02 22 02 10 05 81 02 10 06 81 2B 83 39 B6 12
12 21 00 53 01 C0 01 02 26 02 10 00 81 02 10 01 21 02 10 0D 25 02 10 02 22 02 10 05 81 02 10 06 81 0C 84 E7 B4 12
12 21 00 53 01 C0 01 02 27 02 10 00 81 02 10 01 21 02 10 0D 25 02 10 02 22 02 10 05 81 02 10 06 81 11 79 52 B5 12
12 16 00 AE 00 C0 01 03 01 07 10 DB DE 00 82 98 3A 00 00 02 10 00 81 D7 BA B5 68 12
12 21 00 53 01 C0 01 02 29 02 10 00 81 02 10 01 21 02 10 0D 25 02 10 02 22 02 10 05 81 02 10 06 81 B7 9F 41 BD 12
12 21 00 53 01 C0 01 02 2A 02 10 00 81 02 10 01 21 02 10 0D 25 02 10 02 22 02 10 05 81 02 10 06 81 90 98 9F BF 12
12 21 00 53 01 C0 01 02 2B 02 10 00 81 02 10 01 21 02 10 0D 25 02 10 02 22 02 10 05 81 02 10 06 81 8D 65 2A BE 12
12 21 00 53 01 C0 01 02 2C 02 10 00 81 02 10 01 21 02 10 0D 25 02 10 02 22 02 10 05 81 02 10 06 81 DE 96 23 BA 12
12 21 00 53 01 C0 01 02 2D 02 10 00 81 02 10 01 21 02 10 0D 25 02 10 02 22 02 10 05 81 02 10 06 81 C3 6B 96 BB 12
12 16 00 AE 00 C0 01 03 01 07 10 DB DE 00 82 98 3A 00 00 02 10 00 81 D7 BA B5 68 12
12 21 00 53 01 C0 01 02 2F 02 10 00 81 02 10 01 21 02 10 0D 25 02 10 02 22 02 10 05 81 02 10 06 81 F9 91 FD B8 12 FC 12 21 00 53 01 C0 01 02 30 02 10 00 81 02 10 01 21 02 10 0D 25 02 10 02 22 02 10 05 81 02 10 06 81 92 5B 04 AA 12
12 21 00 53 01 C0 01 02 31 02 10 00 81 02 10 01 21 02 10 0D 25 02 10 02 22 02 10 05 81 02 10 06 81 8F A6 B1 AB 12 FC 12 21 00 53 01 C0 01 02 32 02 10 00 81 02 10 01 21 02 10 0D 25 02 10 02 22 02 10 05 81 02 10 06 81 A8 A1 6F A9 12
12 21 00 53 01 C0 01 02 33 02 10 00 81 02 10 01 21 02 10 0D 25 02 10 02 22 02 10 05 81 02 10 06 81 B5 5C DA A8 12
12 16 00 AE 00 C0 01 03 01 07 10 DB DE 00 82 98 3A 00 00 02 10 00 81 D7 BA B5 68 12
12 0D 00 E6 01 C0 01 02 35 06 03 00 16 06 F7 F6 DD 12
12 21 00 53 01 C0 01 02 37 02 10 00 81 02 10 01 21 02 10 0D 25 02 10 02 22 02 10 05 81 02 10 06 81 C1 A8 0D AE 12
12 21 00 53 01 C0 01 02 38 02 10 00 81 02 10 01 21 02 10 0D 25 02 10 02 22 02 10 05 81 02 10 06 81 7A B3 AB A7 12
12 21 00 53 01 C0 01 02 39 02 10 00 81 02 10 01 21 02 10 0D 25 02 10 02 22 02 10 05 81 02 10 06 81 67 4E 1E A6 12
12 21 00 53 01 C0 01 02 3A 02 10 00 81 02 10 01 21 02 10 0D 25 02 10 02 22 02 10 05 81 02 10 06 81 40 49 C0 A4 12
12 16 00 AE 00 C0 01 03 01 07 10 DB DE 00 82 98 3A 00 00 02 10 00 81 D7 BA B5 68 12
12 21 00 53 01 C0 01 02 3C 02 10 00 81 02 10 01 21 02 10 0D 25 02 10 02 22 02 10 05 81 02 10 06 81 0E 47 7C A1 12
12 21 00 53 01 C0 01 02 3D 02 10 00 81 02 10 01 21 02 10 0D 25 02 10 02 22 02 10 05 81 02 10 06 81 13 BA C9 A0 12
12 21 00 53 01 C0 01 02 3E 02 10 00 81 02 10 01 21 02 10 0D 25 02 10 02 22 02 10 05 81 02 10 06 81 34 BD 17 A2 12
12 21 00 53 01 C0 01 02 3F 02 10 00 81 02 10 01 21 02 10 0D 25 02 10 02 22 02 10 05 81 02 10 06 81 29 40 A2 A3 12
12 21 00 53 01 C0 01 02 40 02 10 00 81 02 10 01 21 02 10 0D 25 02 10 02 22 02 10 05 81 02 10 06 81 A2 6E 9B EA 12
12 16 00 AE 00 C0 01 03 01 07 10 DB DE 00 82 98 3A 00 00 02 10 00 81 D7 BA B5 68 12
12 21 00 53 01 C0 01 02 42 02 10 00 81 02 10 01 21 02 10 0D 25 02 10 02 22 02 10 05 81 02 10 06 81 98 94 F0 E9 12
12 21 00 53 01 C0 01 02 43 02 10 00 81 02 10 01 21 02 10 0D 25 02 10 02 22 02 10 05 81 02 10 06 81 85 69 45 E8 12
12 21 00 53 01 C0 01 02 44 02 10 00 81 02 10 01 21 02 10 0D 25 02 10 02 22 02 10 05 81 02 10 06 81 D6 9A 4C EC 12
12 21 00 53 01 C0 01 02 45 02 10 00 81 02 10 01 21 02 10 0D 25 02 10 02 22 02 10 05 81 02 10 06 81 CB 67 F9 ED 12
12 21 00 53 01 C0 01 02 46 02 10 00 81 02 10 01 21 02 10 0D 25 02 10 02 22 02 10 05 81 02 10 06 81 EC 60 27 EF 12
12 21 00 53 01 C0 01 02 48 02 10 00 81 02 10 01 21 02 10 0D 25 02 10 02 22 02 10 05 81 02 10 06 81 4A 86 34 E7 12
12 16 00 AE 00 C0 01 03 01 07 10 DB DE 00 82 98 3A 00 00 02 10 00 81 D7 BA B5 68 12
12 1B 00 5C 01 C0 03 01 01 08 10 11 01 82 20 DB DE 0A 00 00 00 01 10 00 81 01 00 00 E8 B3 A5 7C 12
12 21 00 53 01 C0 01 02 49 02 10 00 81 02 10 01 21 02 10 0D 25 02 10 02 22 02 10 05 81 02 10 06 81 57 7B 81 E6 12
12 38 00 C1 01 C0 02 01 49 01 10 00 81 01 00 00 01 10 01 21 01 00 00 01 10 0D 25 02 00 10 27 01 10 02 22 04 00 00 00 00 00 01 10 05 81 02 00 10 27 01 10 06 81 01 00 01 CF 0C 9D C3 12
12 21 00 53 01 C0 01 02 4A 02 10 00 81 02 10 01 21 02 10 0D 25 02 10 02 22 02 10 05 81 02 10 06 81 70 7C 5F E4 12
12 38 00 C1 01 C0 02 01 4A 01 10 00 81 01 00 00 01 10 01 21 01 00 00 01 10 0D 25 02 00 10 27 01 10 02 22 04 00 00 00 00 00 01 10 05 81 02 00 10 27 01 10 06 81 01 00 01 AB 39 4F 85 12
12 0D 00 E6 01 C0 01 02 4C 06 03 00 16 BD 7D E9 6E 12
12 16 00 AE 00 C0 01 03 01 07 10 DB DE 00 82 98 3A 00 00 02 10 00 81 D7 BA B5 68 12
12 19 00 86 01 C0 01 02 4D 02 10 0B 25 02 10 0C 25 02 10 07 81 02 10 08 81 AE 6E F6 7F 12
12 21 00 53 01 C0 01 02 4E 02 10 00 81 02 10 01 21 02 10 0D 25 02 10 02 22 02 10 05 81 02 10 06 81 04 88 88 E2 12
12 21 00 53 01 C0 01 02 50 02 10 00 81 02 10 01 21 02 10 0D 25 02 10 02 22 02 10 05 81 02 10 06 81 72 BF C4 F1 12
12 16 00 AE 00 C0 01 03 01 07 10 DB DE 00 82 98 3A 00 00 02 10 00 81 D7 BA B5 68 12
12 21 00 53 01 C0 01 02 51 02 10 00 81 02 10 01 21 02 10 0D 25 02 10 02 22 02 10 05 81 02 10 06 81 6F 42 71 F0 12
12 21 00 53 01 C0 01 02 52 02 10 00 81 02 10 01 21 02 10 0D 25 02 10 02 22 02 10 05 81 02 10 06 81 48 45 AF F2 12
12 21 00 53 01 C0 01 02 53 02 10 00 81 02 10 01 21 02 10 0D 25 02 10 02 22 02 10 05 81 02 10 06 81 55 B8 1A F3 12
12 21 00 53 01 C0 01 02 54 02 10 00 81 02 10 01 21 02 10 0D 25 02 10 02 22 02 10 05 81 02 10 06 81 06 4B 13 F7 12
12 21 00 53 01 C0 01 02 56 02 10 00 81 02 10 01 21 02 10 0D 25 02 10 02 22 02 10 05 81 02 10 06 81 3C B1 78 F4 12
12 16 00 AE 00 C0 01 03 01 07 10 DB DE 00 82 98 3A 00 00 02 10 00 81 D7 BA B5 68 12
12 21 00 53 01 C0 01 02 57 02 10 00 81 02 10 01 21 02 10 0D 25 02 10 02 22 02 10 05 81 02 10 06 81 21 4C CD F5 12
12 21 00 53 01 C0 01 02 58 02 10 00 81 02 10 01 21 02 10 0D 25 02 10 02 22 02 10 05 81 02 10 06 81 9A 57 6B FC 12
12 21 00 53 01 C0 01 02 59 02 10 00 81 02 10 01 21 02 10 0D 25 02 10 02 22 02 10 05 81 02 10 06 81 87 AA DE FD 12
12 21 00 53 01 C0 01 02 5A 02 10 00 81 02 10 01 21 02 10 0D 25 02 10 02 22 02 10 05 81 02 10 06 81 A0 AD 00 FF 12
12 21 00 53 01 C0 01 02 5C 02 10 00 81 02 10 01 21 02 10 0D 25 02 10 02 22 02 10 05 81 02 10 06 81 EE A3 BC FA 12
12 16 00 AE 00 C0 01 03 01 07 10 DB DE 00 82 98 3A 00 00 02 10 00 81 D7 BA B5 68 12
12 21 00 53 01 C0 01 02 5D 02 10 00 81 02 10 01 21 02 10 0D 25 02 10 02 22 02 10 05 81 02 10 06 81 F3 5E 09 FB 12
12 21 00 53 01 C0 01 02 5E 02 10 00 81 02 10 01 21 02 10 0D 25 02 10 02 22 02 10 05 81 02 10 06 81 D4 59 D7 F9 12
12 21 00 53 01 C0 01 02 5F 02 10 00 81 02 10 01 21 02 10 0D 25 02 10 02 22 02 10 05 81 02 10 06 81 C9 A4 62 F8 12
12 21 00 53 01 C0 01 02 60 02 10 00 81 02 10 01 21 02 10 0D 25 02 10 02 22 02 10 05 81 02 10 06 81 02 CD 24 DC 12
12 0D 00 E6 01 C0 01 02 62 06 03 00 16 D9 0D 15 82 12
12 16 00 AE 00 C0 01 03 01 07 10 DB DE 00 82 98 3A 00 00 02 10 00 81 D7 BA B5 68 12
12 21 00 53 01 C0 01 02 63 02 10 00 81 02 10 01 21 02 10 0D 25 02 10 02 22 02 10 05 81 02 10 06 81 25 CA FA DE 12
12 21 00 53 01 C0 01 02 64 02 10 00 81 02 10 01 21 02 10 0D 25 02 10 02 22 02 10 05 81 02 10 06 81 76 39 F3 DA 12
12 21 00 53 01 C0 01 02 65 02 10 00 81 02 10 01 21 02 10 0D 25 02 10 02 22 02 10 05 81 02 10 06 81 6B C4 46 DB DD 12
12 21 00 53 01 C0 01 02 66 02 10 00 81 02 10 01 21 02 10 0D 25 02 10 02 22 02 10 05 81 02 10 06 81 4C C3 98 D9 12
12 21 00 53 01 C0 01 02 68 02 10 00 81 02 10 01 21 02 10 0D 25 02 10 02 22 02 10 05 81 02 10 06 81 EA 25 8B D1 12
12 16 00 AE 00 C0 01 03 01 07 10 DB DE 00 82 98 3A 00 00 02 10 00 81 D7 BA B5 68 12
12 21 00 53 01 C0 01 02 69 02 10 00 81 02 10 01 21 02 10 0D 25 02 10 02 22 02 10 05 81 02 10 06 81 F7 D8 3E D0 12
12 21 00 53 01 C0 01 02 6A 02 10 00 81 02 10 01 21 02 10 0D 25 02 10 02 22 02 10 05 81 02 10 06 81 D0 DF E0 D2 12
12 21 00 53 01 C0 01 02 6B 02 10 00 81 02 10 01 21 02 10 0D 25 02 10 02 22 02 10 05 81 02 10 06 81 CD 22 55 D3 12
12 21 00 53 01 C0 01 02 6C 02 10 00 81 02 10 01 21 02 10 0D 25 02 10 02 22 02 10 05 81 02 10 06 81 9E D1 5C D7 12
12 21 00 53 01 C0 01 02 6E 02 10 00 81 02 10 01 21 02 10 0D 25 02 10 02 22 02 10 05 81 02 10 06 81 A4 2B 37 D4 12
12 16 00 AE 00 C0 01 03 01 07 10 DB DE 00 82 98 3A 00 00 02 10 00 81 D7 BA B5 68 12
12 21 00 53 01 C0 01 02 6F 02 10 00 81 02 10 01 21 02 10 0D 25 02 10 02 22 02 10 05 81 02 10 06 81 B9 D6 82 D5 12
12 21 00 53 01 C0 01 02 70 02 10 00 81 02 10 01 21 02 10 0D 25 02 10 02 22 02 10 05 81 02 10 06 81 D2 1C 7B C7 12
12 21 00 53 01 C0 01 02 71 02 10 00 81 02 10 01 21 02 10 0D 25 02 10 02 22 02 10 05 81 02 10 06 81 CF E1 CE C6 12
12 21 00 53 01 C0 01 02 72 02 10 00 81 02 10 01 21 02 10 0D 25 02 10 02 22 02 10 05 81 02 10 06 81 E8 E6 10 C4 12
12 21 00 53 01 C0 01 02 74 02 10 00 81 02 10 01 21 02 10 0D 25 02 10 02 22 02 10 05 81 02 10 06 81 A6 E8 AC C1 12
12 16 00 AE 00 C0 01 03 01 07 10 DB DE 00 82 98 3A 00 00 02 10 00 81 D7 BA B5 68 12
12 21 00 53 01 C0 01 02 75 02 10 00 81 02 10 01 21 02 10 0D 25 02 10 02 22 02 10 05 81 02 10 06 81 BB 15 19 C0 12
12 21 00 53 01 C0 01 02 76 02 10 00 81 02 10 01 21 02 10 0D 25 02 10 02 22 02 10 05 81 02 10 06 81 9C DB DE C7 C2 12
12 21 00 53 01 C0 01 02 77 02 10 00 81 02 10 01 21 02 10 0D 25 02 10 02 22 02 10 05 81 02 10 06 81 81 EF 72 C3 12
12 21 00 53 01 C0 01 02 78 02 10 00 81 02 10 01 21 02 10 0D 25 02 10 02 22 02 10 05 81 02 10 06 81 3A F4 D4 CA 12
12 0D 00 E6 01 C0 01 02 7A 06 03 00 16 47 27 4B 2D 12
12 16 00 AE 00 C0 01 03 01 07 10 DB DE 00 82 98 3A 00 00 02 10 00 81 D7 BA B5 68 12
12 21 00 53 01 C0 01 02 7B 02 10 00 81 02 10 01 21 02 10 0D 25 02 10 02 22 02 10 05 81 02 10 06 81 1D F3 0A C8 12
12 21 00 53 01 C0 01 02 7C 02 10 00 81 02 10 01 21 02 10 0D 25 02 10 02 22 02 10 05 81 02 10 06 81 4E 00 03 CC 12
12 21 00 53 01 C0 01 02 7D 02 10 00 81 02 10 01 21 02 10 0D 25 02 10 02 22 02 10 05 81 02 10 06 81 53 FD B6 CD 12
12 21 00 53 01 C0 01 02 7E 02 10 00 81 02 10 01 21 02 10 0D 25 02 10 02 22 02 10 05 81 02 10 06 81 74 FA 68 CF 12
12 21 00 53 01 C0 01 02 80 02 10 00 81 02 10 01 21 02 10 0D 25 02 10 02 22 02 10 05 81 02 10 06 81 62 A7 1A 5D 12
12 16 00 AE 00 C0 01 03 01 07 10 DB DE 00 82 98 3A 00 00 02 10 00 81 D7 BA B5 68 12
12 21 00 53 01 C0 01 02 81 02 10 00 81 02 10 01 21 02 10 0D 25 02 10 02 22 02 10 05 81 02 10 06 81 7F 5A AF 5C 12
12 21 00 53 01 C0 01 02 82 02 10 00 81 02 10 01 21 02 10 0D 25 02 10 02 22 02 10 05 81 02 10 06 81 58 5D 71 5E 12
12 21 00 53 01 C0 01 02 83 02 10 00 81 02 10 01 21 02 10 0D 25 02 10 02 22 02 10 05 81 02 10 06 81 45 A0 C4 5F 12
12 21 00 53 01 C0 01 02 84 02 10 00 81 02 10 01 21 02 10 0D 25 02 10 02 22 02 10 05 81 02 10 06 81 16 53 CD 5B 12
12 21 00 53 01 C0 01 02 86 02 10 00 81 02 10 01 21 02 10 0D 25 02 10 02 22 02 10 05 81 02 10 06 81 2C A9 A6 58 12
12 16 00 AE 00 C0 01 03 01 07 10 DB DE 00 82 98 3A 00 00 02 10 00 81 D7 BA B5 68 12
12 21 00 53 01 C0 01 02 87 02 10 00 81 02 10 01 21 02 10 0D 25 02 10 02 22 02 10 05 81 02 10 06 81 31 54 13 59 12
12 21 00 53 01 C0 01 02 88 02 10 00 81 02 10 01 21 02 10 0D 25 02 10 02 22 02 10 05 81 02 10 06 81 8A 4F B5 50 12
12 21 00 53 01 C0 01 02 89 02 10 00 81 02 10 01 21 02 10 0D 25 02 10 02 22 02 10 05 81 02 10 06 81 97 B2 00 51 12
12 21 00 53 01 C0 01 02 8A 02 10 00 81 02 10 01 21 02 10 0D 25 02 10 02 22 02 10 05 81 02 10 06 81 B0 B5 DE 53 12
12 21 00 53 01 C0 01 02 8C 02 10 00 81 02 10 01 21 02 10 0D 25 02 10 02 22 02 10 05 81 02 10 06 81 FE BB 62 56 12
12 21 00 53 01 C0 01 02 8D 02 10 00 81 02 10 01 21 02 10 0D 25 02 10 02 22 02 10 05 81 02 10 06 81 E3 46 D7 57 12
12 16 00 AE 00 C0 01 03 01 07 10 DB DE 00 82 98 3A 00 00 02 10 00 81 D7 BA B5 68 12
12 1B 00 5C 01 C0 03 01 01 08 10 11 01 82 20 DB DE 0A 00 00 00 01 10 00 81 01 00 00 E8 B3 A5 7C 12
12 21 00 53 01 C0 01 02 8E 02 10 00 81 02 10 01 21 02 10 0D 25 02 10 02 22 02 10 05 81 02 10 06 81 C4 41 09 55 12
12 38 00 C1 01 C0 02 01 8E 01 10 00 81 01 00 00 01 10 01 21 01 00 00 01 10 0D 25 02 00 10 27 01 10 02 22 04 00 00 00 00 00 01 10 05 81 02 00 10 27 01 10 06 81 01 00 01 00 8F 0E C6 12
12 21 00 53 01 C0 01 02 8F 02 10 00 81 02 10 01 21 02 10 0D 25 02 10 02 22 02 10 05 81 02 10 06 81 D9 BC BC 54 12
12 38 00 C1 01 C0 02 01 8F 01 10 00 81 01 00 00 01 10 01 21 01 00 00 01 10 0D 25 02 00 10 27 01 10 02 22 04 00 00 00 00 00 01 10 05 81 02 00 10 27 01 10 06 81 01 00 01 DC 63 BF FB 12
12 0D 00 E6 01 C0 01 02 91 06 03 00 16 70 1E F1 F3 12
12 21 00 53 01 C0 01 02 92 02 10 00 81 02 10 01 21 02 10 0D 25 02 10 02 22 02 10 05 81 02 10 06 81 88 8C 2E 45 12
12 16 00 AE 00 C0 01 03 01 07 10 DB DE 00 82 98 3A 00 00 02 10 00 81 D7 BA B5 68 12
12 21 00 53 01 C0 01 02 93 02 10 00 81 02 10 01 21 02 10 0D 25 02 10 02 22 02 10 05 81 02 10 06 81 95 71 9B 44 12
12 21 00 53 01 C0 01 02 94 02 10 00 81 02 10 01 21 02 10 0D 25 02 10 02 22 02 10 05 81 02 10 06 81 C6 82 92 40 12
12 21 00 53 01 C0 01 02 95 02 10 00 81 02 10 01 21 02 10 0D 25 02 10 02 22 02 10 05 81 02 10 06 81 DB DD 7F 27 41 12
12 21 00 53 01 C0 01 02 97 02 10 00 81 02 10 01 21 02 10 0D 25 02 10 02 22 02 10 05 81 02 10 06 81 E1 85 4C 42 12
12 21 00 53 01 C0 01 02 98 02 10 00 81 02 10 01 21 02 10 0D 25 02 10 02 22 02 10 05 81 02 10 06 81 5A 9E EA 4B 12
12 16 00 AE 00 C0 01 03 01 07 10 DB DE 00 82 98 3A 00 00 02 10 00 81 D7 BA B5 68 12
12 21 00 53 01 C0 01 02 99 02 10 00 81 02 10 01 21 02 10 0D 25 02 10 02 22 02 10 05 81 02 10 06 81 47 63 5F 4A 12
12 21 00 53 01 C0 01 02 9A 02 10 00 81 02 10 01 21 02 10 0D 25 02 10 02 22 02 10 05 81 02 10 06 81 60 64 81 48 12
12 21 00 53 01 C0 01 02 9B 02 10 00 81 02 10 01 21 02 10 0D 25 02 10 02 22 02 10 05 81 02 10 06 81 7D 99 34 49 12
12 21 00 53 01 C0 01 02 9D 02 10 00 81 02 10 01 21 02 10 0D 25 02 10 02 22 02 10 05 81 02 10 06 81 33 97 88 4C 12
12 21 00 53 01 C0 01 02 9E 02 10 00 81 02 10 01 21 02 10 0D 25 02 10 02 22 02 10 05 81 02 10 06 81 14 90 56 4E 12
12 16 00 AE 00 C0 01 03 01 07 10 DB DE 00 82 98 3A 00 00 02 10 00 81 D7 BA B5 68 12
12 21 00 53 01 C0 01 02 9F 02 10 00 81 02 10 01 21 02 10 0D 25 02 10 02 22 02 10 05 81 02 10 06 81 09 6D E3 4F 12
12 21 00 53 01 C0 01 02 A0 02 10 00 81 02 10 01 21 02 10 0D 25 02 10 02 22 02 10 05 81 02 10 06 81 C2 04 A5 6B 12
12 21 00 53 01 C0 01 02 A1 02 10 00 81 02 10 01 21 02 10 0D 25 02 10 02 22 02 10 05 81 02 10 06 81 DF F9 10 6A 12
12 21 00 53 01 C0 01 02 A3 02 10 00 81 02 10 01 21 02 10 0D 25 02 10 02 22 02 10 05 81 02 10 06 81 E5 03 7B 69 12
12 21 00 53 01 C0 01 02 A4 02 10 00 81 02 10 01 21 02 10 0D 25 02 10 02 22 02 10 05 81 02 10 06 81 B6 F0 72 6D 12
12 16 00 AE 00 C0 01 03 01 07 10 DB DE 00 82 98 3A 00 00 02 10 00 81 D7 BA B5 68 12
12 21 00 53 01 C0 01 02 A5 02 10 00 81 02 10 01 21 02 10 0D 25 02 10 02 22 02 10 05 81 02 10 06 81 AB 0D C7 6C 12
12 21 00 53 01 C0 01 02 A6 02 10 00 81 02 10 01 21 02 10 0D 25 02 10 02 22 02 10 05 81 02 10 06 81 8C 0A 19 6E 12
12 21 00 53 01 C0 01 02 A7 02 10 00 81 02 10 01 21 02 10 0D 25 02 10 02 22 02 10 05 81 02 10 06 81 91 F7 AC 6F 12
12 0D 00 E6 01 C0 01 02 A9 06 03 00 16 B8 56 D9 A5 12
12 21 00 53 01 C0 01 02 AB 02 10 00 81 02 10 01 21 02 10 0D 25 02 10 02 22 02 10 05 81 02 10 06 81 0D EB D4 64 12
12 16 00 AE 00 C0 01 03 01 07 10 DB DE 00 82 98 3A 00 00 02 10 00 81 D7 BA B5 68 12
12 21 00 53 01 C0 01 02 AC 02 10 00 81 02 10 01 21 02 10 0D 25 02 10 02 22 02 10 05 81 02 10 06 81 5E 18 DD 60 12
12 21 00 53 01 C0 01 02 AD 02 10 00 81 02 10 01 21 02 10 0D 25 02 10 02 22 02 10 05 81 02 10 06 81 43 E5 68 61 12
12 21 00 53 01 C0 01 02 AE 02 10 00 81 02 10 01 21 02 10 0D 25 02 10 02 22 02 10 05 81 02 10 06 81 64 E2 B6 63 12
12 21 00 53 01 C0 01 02 B0 02 10 00 81 02 10 01 21 02 10 0D 25 02 10 02 22 02 10 05 81 02 10 06 81 DB DE D5 FA 70 12
12 21 00 53 01 C0 01 02 B1 02 10 00 81 02 10 01 21 02 10 0D 25 02 10 02 22 02 10 05 81 02 10 06 81 0F 28 4F 71 12
12 16 00 AE 00 C0 01 03 01 07 10 DB DE 00 82 98 3A 00 00 02 10 00 81 D7 BA B5 68 12
12 21 00 53 01 C0 01 02 B2 02 10 00 81 02 10 01 21 02 10 0D 25 02 10 02 22 02 10 05 81 02 10 06 81 28 2F 91 73 12
12 21 00 53 01 C0 01 02 B3 02 10 00 81 02 10 01 21 02 10 0D 25 02 10 02 22 02 10 05 81 02 10 06 81 35 D2 24 72 12
12 21 00 53 01 C0 01 02 B4 02 10 00 81 02 10 01 21 02 10 0D 25 02 10 02 22 02 10 05 81 02 10 06 81 66 21 2D 76 12
12 21 00 53 01 C0 01 02 B6 02 10 00 81 02 10 01 21 02 10 0D 25 02 10 02 22 02 10 05 81 02 10 06 81 5C DB DD 46 75 12
12 21 00 53 01 C0 01 02 B7 02 10 00 81 02 10 01 21 02 10 0D 25 02 10 02 22 02 10 05 81 02 10 06 81 41 26 F3 74 12
12 16 00 AE 00 C0 01 03 01 07 10 DB DE 00 82 98 3A 00 00 02 10 00 81 D7 BA B5 68 12
12 21 00 53 01 C0 01 02 B8 02 10 00 81 02 10 01 21 02 10 0D 25 02 10 02 22 02 10 05 81 02 10 06 81 FA 3D 55 7D 12
12 21 00 53 01 C0 01 02 B9 02 10 00 81 02 10 01 21 02 10 0D 25 02 10 02 22 02 10 05 81 02 10 06 81 E7 C0 E0 7C 12
12 21 00 53 01 C0 01 02 BA 02 10 00 81 02 10 01 21 02 10 0D 25 02 10 02 22 02 10 05 81 02 10 06 81 C0 C7 3E 7E 12
12 21 00 53 01 C0 01 02 BC 02 10 00 81 02 10 01 21 02 10 0D 25 02 10 02 22 02 10 05 81 02 10 06 81 8E C9 82 7B 12
12 21 00 53 01 C0 01 02 BD 02 10 00 81 02 10 01 21 02 10 0D 25 02 10 02 22 02 10 05 81 02 10 06 81 93 34 37 7A 12
12 16 00 AE 00 C0 01 03 01 07 10 DB DE 00 82 98 3A 00 00 02 10 00 81 D7 BA B5 68 12
12 21 00 53 01 C0 01 02 BE 02 10 00 81 02 10 01 21 02 10 0D 25 02 10 02 22 02 10 05 81 02 10 06 81 B4 33 E9 78 12
12 21 00 53 01 C0 01 02 BF 02 10 00 81 02 10 01 21 02 10 0D 25 02 10 02 22 02 10 05 81 02 10 06 81 A9 CE 5C 79 12
12 21 00 53 01 C0 01 02 C0 02 10 00 81 02 10 01 21 02 10 0D 25 02 10 02 22 02 10 05 81 02 10 06 81 22 E0 65 30 12
12 0D 00 E6 01 C0 01 02 C2 06 03 00 16 55 EA 58 28 12
12 21 00 53 01 C0 01 02 C3 02 10 00 81 02 10 01 21 02 10 0D 25 02 10 02 22 02 10 05 81 02 10 06 81 05 E7 BB 32 12
12 16 00 AE 00 C0 01 03 01 07 10 DB DE 00 82 98 3A 00 00 02 10 00 81 D7 BA B5 68 12
12 21 00 53 01 C0 01 02 C4 02 10 00 81 02 10 01 21 02 10 0D 25 02 10 02 22 02 10 05 81 02 10 06 81 56 14 B2 36 12
12 19 00 86 01 C0 01 02 C5 02 10 0B 25 02 10 0C 25 02 10 07 81 02 10 08 81 30 F8 DC 89 12
12 21 00 53 01 C0 01 02 C6 02 10 00 81 02 10 01 21 02 10 0D 25 02 10 02 22 02 10 05 81 02 10 06 81 6C EE D9 35 12
12 21 00 53 01 C0 01 02 C8 02 10 00 81 02 10 01 21 02 10 0D 25 02 10 02 22 02 10 05 81 02 10 06 81 CA 08 CA 3D 12
12 21 00 53 01 C0 01 02 C9 02 10 00 81 02 10 01 21 02 10 0D 25 02 10 02 22 02 10 05 81 02 10 06 81 D7 F5 7F 3C 12
12 16 00 AE 00 C0 01 03 01 07 10 DB DE 00 82 98 3A 00 00 02 10 00 81 D7 BA B5 68 12
12 21 00 53 01 C0 01 02 CA 02 10 00 81 02 10 01 21 02 10 0D 25 02 10 02 22 02 10 05 81 02 10 06 81 F0 F2 A1 3E 12
12 21 00 53 01 C0 01 02 CB 02 10 00 81 02 10 01 21 02 10 0D 25 02 10 02 22 02 10 05 81 02 10 06 81 ED 0F 14 3F 12
12 21 00 53 01 C0 01 02 CC 02 10 00 81 02 10 01 21 02 10 0D 25 02 10 02 22 02 10 05 81 02 10 06 81 BE FC 1D 3B 12
12 21 00 53 01 C0 01 02 CE 02 10 00 81 02 10 01 21 02 10 0D 25 02 10 02 22 02 10 05 81 02 10 06 81 84 06 76 38 12
12 21 00 53 01 C0 01 02 CF 02 10 00 81 02 10 01 21 02 10 0D 25 02 10 02 22 02 10 05 81 02 10 06 81 99 FB C3 39 12
12 16 00 AE 00 C0 01 03 01 07 10 DB DE 00 82 98 3A 00 00 02 10 00 81 D7 BA B5 68 12
12 21 00 53 01 C0 01 02 D0 02 10 00 81 02 10 01 21 02 10 0D 25 02 10 02 22 02 10 05 81 02 10 06 81 F2 31 3A 2B 12
12 21 00 53 01 C0 01 02 D1 02 10 00 81 02 10 01 21 02 10 0D 25 02 10 02 22 02 10 05 81 02 10 06 81 EF CC 8F 2A 12
12 21 00 53 01 C0 01 02 D2 02 10 00 81 02 10 01 21 02 10 0D 25 02 10 02 22 02 10 05 81 02 10 06 81 C8 CB 51 28 12
12 21 00 53 01 C0 01 02 D4 02 10 00 81 02 10 01 21 02 10 0D 25 02 10 02 22 02 10 05 81 02 10 06 81 86 C5 ED 2D 12
12 21 00 53 01 C0 01 02 D5 02 10 00 81 02 10 01 21 02 10 0D 25 02 10 02 22 02 10 05 81 02 10 06 81 9B 38 58 2C 12
12 16 00 AE 00 C0 01 03 01 07 10 DB DE 00 82 98 3A 00 00 02 10 00 81 D7 BA B5 68 12
12 21 00 53 01 C0 01 02 D6 02 10 00 81 02 10 01 21 02 10 0D 25 02 10 02 22 02 10 05 81 02 10 06 81 BC 3F 86 2E 12
12 38 00 C1 01 C0 02 01 D6 01 10 00 81 01 00 00 01 10 01 21 01 00 00 01 10 0D 25 02 00 10 27 01 10 02 22 04 00 00 00 00 00 01 10 05 81 02 00 10 27 01 10 06 81 01 00 01 AA 2D 8E F1 12
12 21 00 53 01 C0 01 02 D7 02 10 00 81 02 10 01 21 02 10 0D 25 02 10 02 22 02 10 05 81 02 10 06 81 A1 C2 33 2F 12
12 0D 00 E6 01 C0 01 02 D9 06 03 00 16 28 C7 89 09 12
12 21 00 53 01 C0 01 02 DA 02 10 00 81 02 10 01 21 02 10 0D 25 02 10 02 22 02 10 05 81 02 10 06 81 20 23 FE 25 12
12 21 00 53 01 C0 01 02 DB DD 02 10 00 81 02 10 01 21 02 10 0D 25 02 10 02 22 02 10 05 81 02 10 06 81 3D DE 4B 24 12
12 16 00 AE 00 C0 01 03 01 07 10 DB DE 00 82 98 3A 00 00 02 10 00 81 D7 BA B5 68 12
12 21 00 53 01 C0 01 02 DC 02 10 00 81 02 10 01 21 02 10 0D 25 02 10 02 22 02 10 05 81 02 10 06 81 6E 2D 42 20 12
12 21 00 53 01 C0 01 02 DD 02 10 00 81 02 10 01 21 02 10 0D 25 02 10 02 22 02 10 05 81 02 10 06 81 73 D0 F7 21 12
12 21 00 53 01 C0 01 02 DF 02 10 00 81 02 10 01 21 02 10 0D 25 02 10 02 22 02 10 05 81 02 10 06 81 49 2A 9C 22 12
12 21 00 53 01 C0 01 02 E0 02 10 00 81 02 10 01 21 02 10 0D 25 02 10 02 22 02 10 05 81 02 10 06 81 82 43 DA 06 12
12 21 00 53 01 C0 01 02 E1 02 10 00 81 02 10 01 21 02 10 0D 25 02 10 02 22 02 10 05 81 02 10 06 81 9F BE 6F 07 12
12 16 00 AE 00 C0 01 03 01 07 10 DB DE 00 82 98 3A 00 00 02 10 00 81 D7 BA B5 68 12
12 21 00 53 01 C0 01 02 E2 02 10 00 81 02 10 01 21 02 10 0D 25 02 10 02 22 02 10 05 81 02 10 06 81 B8 B9 B1 05 12
12 21 00 53 01 C0 01 00 EF 2A AA 5A 00 00 00 80 01 04 54 AA 55 5A AA 6A AA 00 00 00 00 00 F9 FF 12 1A 00 31 00 C0 FF 03 00 00 20 00 00 00 00 00 00 00 00 00 00 00 00 10 00 FF 06 DA EE 2D 12
12 1A 00 31 01 C0 01 02 00 00 20 00 00 04 00 23 00 03 03 02 00 00 00 10 00 FF 69 4D 83 84 12
12 20 00 3E 00 C0 01 03 01 07 10 13 02 10 00 81 02 10 02 81 02 10 01 02 02 10 15 81 02 10 14 81 E7 F3 D3 C0 12
12 1A 00 31 01 C0 01 02 00 00 20 00 00 04 00 23 00 03 03 02 00 00 00 10 00 FF 69 4D 83 84 12
12 20 00 3E 01 C0 01 03 01 07 10 13 02 10 00 81 02 10 02 81 02 10 01 02 02 10 15 81 02 10 14 81 FA 0E 66 C1 12
12 21 00 53 01 C0 01 02 01 02 10 00 81 02 10 01 21 02 10 0D 25 02 10 02 22 02 10 05 81 02 10 06 81 FF D4 51 86 12
12 38 00 C1 01 C0 02 01 01 01 10 00 81 01 00 00 01 10 01 21 01 00 00 01 10 0D 25 02 00 10 27 01 10 02 22 04 00 00 00 00 00 01 10 05 81 02 00 10 27 01 10 06 81 01 00 01 27 6F E1 99 12
12 0D 00 E6 01 C0 01 02 03 06 03 00 16 FC AD 54 9E 12
12 20 00 3E 00 C0 01 03 01 07 10 13 02 10 00 81 02 10 02 81 02 10 01 02 02 10 15 81 02 10 14 81 E7 F3 D3 C0 12
12 19 00 86 01 C0 01 02 05 02 10 0B 25 02 10 0C 25 02 10 07 81 02 10 08 81 0A 18 D5 D7 12
12 21 00 53 01 C0 01 02 06 02 10 00 81 02 10 01 21 02 10 0D 25 02 10 02 22 02 10 05 81 02 10 06 81 AC 27 58 82 12
12 21 00 53 01 C0 01 02 08 02 10 00 81 02 10 01 21 02 10 0D 25 02 10 02 22 02 10 05 81 02 10 06 81 0A C1 4B 8A 12
12 21 00 53 01 C0 01 02 09 02 10 00 81 02 10 01 21 02 10 0D 25 02 10 02 22 02 10 05 81 02 10 06 81 17 3C FE 8B 12
12 20 00 3E 00 C0 01 03 01 07 10 13 02 10 00 81 02 10 02 81 02 10 01 02 02 10 15 81 02 10 14 81 E7 F3 D3 C0 12
12 21 00 53 01 C0 01 02 0A 02 10 00 81 02 10 01 21 02 10 0D 25 02 10 02 22 02 10 05 81 02 10 06 81 30 3B 20 89 12
12 21 00 53 01 C0 01 02 0B 02 10 00 81 02 10 01 21 02 10 0D 25 02 10 02 22 02 10 05 81 02 10 06 81 2D C6 95 88 12
12 21 00 53 01 C0 01 02 0C 02 10 00 81 02 10 01 21 02 10 0D 25 02 10 02 22 02 10 05 81 02 10 06 81 7E 35 9C 8C 12
12 21 00 53 01 C0 01 02 0E 02 10 00 81 02 10 01 21 02 10 0D 25 02 10 02 22 02 10 05 81 02 10 06 81 44 CF F7 8F 12
12 20 00 3E 00 C0 01 03 01 07 10 13 02 10 00 81 02 10 02 81 02 10 01 02 02 10 15 81 02 10 14 81 E7 F3 D3 C0 12
12 21 00 53 01 C0 01 02 0F 02 10 00 81 02 10 01 21 02 10 0D 25 02 10 02 22 02 10 05 81 02 10 06 81 59 32 42 8E 12
12 21 00 53 01 C0 01 02 10 02 10 00 81 02 10 01 21 02 10 0D 25 02 10 02 22 02 10 05 81 02 10 06 81 32 F8 BB 9C 12
12 21 00 53 01 C0 01 02 11 02 10 00 81 02 10 01 21 02 10 0D 25 02 10 02 22 02 10 05 81 02 10 06 81 2F 05 0E 9D 12
12 21 00 53 01 C0 01 02 DB DE 02 10 00 81 02 10 01 21 02 10 0D 25 02 10 02 22 02 10 05 81 02 10 06 81 08 02 D0 9F 12
12 20 00 3E 00 C0 01 03 01 07 10 13 02 10 00 81 02 10 02 81 02 10 01 02 02 10 15 81 02 10 14 81 E7 F3 D3 C0 12
12 21 00 53 01 C0 01 02 14 02 10 00 81 02 10 01 21 02 10 0D 25 02 10 02 22 02 10 05 81 02 10 06 81 46 0C 6C 9A 12
12 21 00 53 01 C0 01 02 16 02 10 00 81 02 10 01 21 02 10 0D 25 02 10 02 22 02 10 05 81 02 10 06 81 7C F6 07 99 12
12 21 00 53 01 C0 01 02 17 02 10 00 81 02 10 01 21 02 10 0D 25 02 10 02 22 02 10 05 81 02 10 06 81 61 0B B2 98 12
12 21 00 53 01 C0 01 02 18 02 10 00 81 02 10 01 21 02 10 0D 25 02 10 02 22 02 10 05 81 02 10 06 81 DA 10 14 91 12
12 20 00 3E 00 C0 01 03 01 07 10 13 02 10 00 81 02 10 02 81 02 10 01 02 02 10 15 81 02 10 14 81 E7 F3 D3 C0 12
12 21 00 53 01 C0 01 02 19 02 10 00 81 02 10 01 21 02 10 0D 25 02 10 02 22 02 10 05 81 02 10 06 81 C7 ED A1 90 12
12 0D 00 E6 01 C0 01 02 1B 06 03 00 16 62 87 0A 31 12 FC 12 21 00 53 01 C0 01 02 1C 02 10 00 81 02 10 01 21 02 10 0D 25 02 10 02 22 02 10 05 81 02 10 06 81 AE E4 C3 97 12
12 21 00 53 01 C0 01 02 1D 02 10 00 81 02 10 01 21 02 10 0D 25 02 10 02 22 02 10 05 81 02 10 06 81 B3 19 76 96 12
12 20 00 3E 00 C0 01 03 01 07 10 13 02 10 00 81 02 10 02 81 02 10 01 02 02 10 15 81 02 10 14 81 E7 F3 D3 C0 12
12 21 00 53 01 C0 01 02 1E 02 10 00 81 02 10 01 21 02 10 0D 25 02 10 02 22 02 10 05 81 02 10 06 81 94 1E A8 94 12
12 21 00 53 01 C0 01 02 1F 02 10 00 81 02 10 01 21 02 10 0D 25 02 10 02 22 02 10 05 81 02 10 06 81 89 E3 1D 95 12
12 21 00 53 01 C0 01 02 21 02 10 00 81 02 10 01 21 02 10 0D 25 02 10 02 22 02 10 05 81 02 10 06 81 5F 77 EE B0 12
12 21 00 53 01 C0 01 02 22 02 10 00 81 02 10 01 21 02 10 0D 25 02 10 02 22 02 10 05 81 02 10 06 81 78 70 30 B2 12
12 20 00 3E 00 C0 01 03 01 07 10 13 02 10 00 81 02 10 02 81 02 10 01 02 02 10 15 81 02 10 14 81 E7 F3 D3 C0 12
12 21 00 53 01 C0 01 02 23 02 10 00 81 02 10 01 21 02 10 0D 25 02 10 02 22 02 10 05 81 02 10 06 81 65 8D 85 B3 12
12 21 00 53 01 C0 01 02 24 02 10 00 81 02 10 01 21 02 10 0D 25 02 10 02 22 02 10 05 81 02 10 06 81 36 7E 8C B7 12
12 21 00 53 01 C0 01 02 25 02 10 00 81 02 10 01 21 02 10 0D 25 02 10 02 22 02 10 05 81 02 10 06 81 2B 83 39 B6 12
12 21 00 53 01 C0 01 02 27 02 10 00 81 02 10 01 21 02 10 0D 25 02 10 02 22 02 10 05 81 02 10 06 81 11 79 52 B5 12
12 20 00 3E 00 C0 01 03 01 07 10 13 02 10 00 81 02 10 02 81 02 10 01 02 02 10 15 81 02 10 14 81 E7 F3 D3 C0 12
12 21 00 53 01 C0 01 02 29 02 10 00 81 02 10 01 21 02 10 0D 25 02 10 02 22 02 10 05 81 02 10 06 81 B7 9F 41 BD 12
12 21 00 53 01 C0 01 02 2A 02 10 00 81 02 10 01 21 02 10 0D 25 02 10 02 22 02 10 05 81 02 10 06 81 90 98 9F BF 12
12 21 00 53 01 C0 01 02 2B 02 10 00 81 02 10 01 21 02 10 0D 25 02 10 02 22 02 10 05 81 02 10 06 81 8D 65 2A BE 12
12 21 00 53 01 C0 01 02 2C 02 10 00 81 02 10 01 21 02 10 0D 25 02 10 02 22 02 10 05 81 02 10 06 81 DE 96 23 BA 12
12 20 00 3E 00 C0 01 03 01 07 10 13 02 10 00 81 02 10 02 81 02 10 01 02 02 10 15 81 02 10 14 81 E7 F3 D3 C0 12
12 21 00 53 01 C0 01 02 2E 02 10 00 81 02 10 01 21 02 10 0D 25 02 10 02 22 02 10 05 81 02 10 06 81 E4 6C 48 B9 12
12 21 00 53 01 C0 01 02 2F 02 10 00 81 02 10 01 21 02 10 0D 25 02 10 02 22 02 10 05 81 02 10 06 81 F9 91 FD B8 12
12 21 00 53 01 C0 01 02 30 02 10 00 81 02 10 01 21 02 10 0D 25 02 10 02 22 02 10 05 81 02 10 06 81 92 5B 04 AA 12
12 20 00 3E 00 C0 01 03 01 07 10 13 02 10 00 81 02 10 02 81 02 10 01 02 02 10 15 81 02 10 14 81 E7 F3 D3 C0 12
12 16 00 AE 00 C0 01 03 01 07 10 DB DE 00 82 98 3A 00 00 02 10 00 81 D7 BA B5 68 12
12 1B 00 5C 01 C0 03 01 01 24 2C 1E 53 01 C0 01 02 32 02 10 00 81 02 00 01 21 02 10 0D 25 02 10 02 02 02 10 05 81 02 10 06 81 A8 A1 6F A9 12 FC 12 21 00 53 01 C0 01 02 33 02 10 00 81 02 10 01 21 02 10 0D 25 02 10 02 22 02 10 05 81 02 10 06 81 B5 5C DA A8 12
12 0D 00 E6 01 C0 01 02 35 06 03 00 16 06 F7 F6 DD 12
12 21 00 53 01 C0 01 02 36 02 10 00 81 02 10 01 21 02 10 0D 25 02 10 02 22 02 10 05 81 02 10 06 81 DC 55 B8 AF 12
12 21 00 53 01 C0 01 02 37 02 10 00 81 02 10 01 21 02 10 0D 25 02 10 02 22 02 10 05 81 02 10 06 81 C1 A8 0D AE 12
12 16 00 AE 00 C0 01 03 01 07 10 DB DE 00 82 98 3A 00 00 02 10 00 81 D7 BA B5 68 12
12 21 00 53 01 C0 01 02 38 02 10 00 81 02 10 01 21 02 10 0D 25 02 10 02 22 02 10 05 81 02 10 06 81 7A B3 AB A7 12
12 21 00 53 01 C0 01 02 39 02 10 00 81 02 10 01 21 02 10 0D 25 02 10 02 22 02 10 05 81 02 10 06 81 67 4E 1E A6 12
12 21 00 53 01 C0 01 02 3B 02 10 00 81 02 10 01 21 02 10 0D 25 02 10 02 22 02 10 05 81 02 10 06 81 5D B4 75 A5 12
12 21 00 53 01 C0 01 02 3C 02 10 00 81 02 10 01 21 02 10 0D 25 02 10 02 22 02 10 05 81 02 10 06 81 0E 47 7C A1 12
12 21 00 53 01 C0 01 02 3D 02 10 00 81 02 10 01 21 02 10 0D 25 02 10 02 22 02 10 05 81 02 10 06 81 13 BA C9 A0 12
12 16 00 AE 00 C0 01 03 01 07 10 DB DE 00 82 98 3A 00 00 02 10 00 81 D7 BA B5 68 12
12 21 00 53 01 C0 01 02 3E 02 10 00 81 02 10 01 21 02 10 0D 25 02 10 02 22 02 10 05 81 02 10 06 81 34 BD 17 A2 12
12 21 00 53 01 C0 01 02 3F 02 10 00 81 02 10 01 21 02 10 0D 25 02 10 02 22 02 10 05 81 02 10 06 81 29 40 A2 A3 12
12 21 00 53 01 C0 01 02 41 02 10 00 81 02 10 01 21 02 10 0D 25 02 10 02 22 02 10 05 81 02 10 06 81 BF 93 2E EB 12
12 21 00 53 01 C0 01 02 42 02 10 00 81 02 10 01 21 02 10 0D 25 02 10 02 22 02 10 05 81 02 10 06 81 98 94 F0 E9 12
12 21 00 53 01 C0 01 02 43 02 10 00 81 02 10 01 21 02 10 0D 25 02 10 02 22 02 10 05 81 02 10 06 81 85 69 45 E8 12
12 16 00 AE 00 C0 01 03 01 07 10 DB DE 00 82 98 3A 00 00 02 10 00 81 D7 BA B5 68 12
12 21 00 53 01 C0 01 02 44 02 10 00 81 02 10 01 21 02 10 0D 25 02 10 02 22 02 10 05 81 02 10 06 81 D6 9A 4C EC 12
12 21 00 53 01 C0 01 02 45 02 10 00 81 02 10 01 21 02 10 0D 25 02 10 02 22 02 10 05 81 02 10 06 81 CB 67 F9 ED 12
12 21 00 53 01 C0 01 02 47 02 10 00 81 02 10 01 21 02 10 0D 25 02 10 02 22 02 10 05 81 02 10 06 81 F1 9D 92 EE 12
12 21 00 53 01 C0 01 02 48 02 10 00 81 02 10 01 21 02 10 0D 25 02 10 02 22 02 10 05 81 02 10 06 81 4A 86 34 E7 12
12 21 00 53 01 C0 01 02 49 02 10 00 81 02 10 01 21 02 10 0D 25 02 10 02 22 02 10 05 81 02 10 06 81 57 7B 81 E6 12
12 16 00 AE 00 C0 01 03 01 07 10 DB DE 00 82 98 3A 00 00 02 10 00 81 D7 BA B5 68 12
12 21 00 53 01 C0 01 02 4A 02 10 00 81 02 10 01 21 02 10 0D 25 02 10 02 22 02 10 05 81 02 10 06 81 70 7C 5F E4 12
12 21 00 53 01 C0 01 02 4B 02 10 00 81 02 10 01 21 02 10 0D 25 02 10 02 22 02 10 05 81 02 10 06 81 6D 81 EA E5 12
12 0D 00 E6 01 C0 01 02 4D 06 03 00 16 23 7D 43 A2 12
12 21 00 53 01 C0 01 02 4E 02 10 00 81 02 10 01 21 02 10 0D 25 02 10 02 22 02 10 05 81 02 10 06 81 04 88 88 E2 12
12 21 00 53 01 C0 01 02 4F 02 10 00 81 02 10 01 21 02 10 0D 25 02 10 02 22 02 10 05 81 02 10 06 81 19 75 3D E3 12
12 16 00 AE 00 C0 01 03 01 07 10 DB DE 00 82 98 3A 00 00 02 10 00 81 D7 BA B5 68 12
12 21 00 53 01 C0 01 02 50 02 10 00 81 02 10 01 21 02 10 0D 25 02 10 02 22 02 10 05 81 02 10 06 81 72 BF C4 F1 12
12 38 00 C1 01 C0 02 01 50 01 10 00 81 01 00 00 01 10 01 21 01 00 00 01 10 0D 25 02 00 10 27 01 10 02 22 04 00 00 00 00 00 01 10 05 81 02 00 10 27 01 10 06 81 01 00 01 F0 41 2E A5 12
12 16 00 AE 00 C0 01 03 01 07 10 DB DE 00 82 98 3A 00 00 02 10 00 81 D7 BA B5 68 12
12 1B 00 5C 01 C0 03 01 01 08 10 11 01 82 20 DB DE 0A 00 00 00 01 10 00 81 01 00 00 E8 B3 A5 7C 12
12 21 00 53 01 C0 01 02 52 02 10 00 81 02 10 01 21 02 10 0D 25 02 10 02 22 02 10 05 81 02 10 06 81 48 45 AF F2 12
12 38 00 C1 01 C0 02 01 52 01 10 00 81 01 00 00 01 10 01 21 01 00 00 01 10 0D 25 02 00 10 27 01 10 02 22 04 00 00 00 00 00 01 10 05 81 02 00 10 27 01 10 06 81 01 00 01 48 98 4D DE 12
12 16 00 AE 00 C0 01 03 01 07 10 DB DE 00 82 98 3A 00 00 02 10 00 81 D7 BA B5 68 12
12 1B 00 5C 01 C0 03 01 01 08 10 11 01 82 20 DB DE 0A 00 00 00 01 10 00 81 01 00 00 E8 B3 A5 7C 12
12 21 00 53 01 C0 01 02 54 02 10 00 81 02 10 01 21 02 10 0D 25 02 10 02 22 02 10 05 81 02 10 06 81 06 4B 13 F7 12
12 38 00 C1 01 C0 02 01 54 01 10 00 81 01 00 00 01 10 01 21 01 00 00 01 10 0D 25 02 00 10 27 01 10 02 22 04 00 00 00 00 00 01 10 05 81 02 00 10 27 01 10 06 81 01 00 01 80 F2 E9 53 12
12 16 00 AE 00 C0 01 03 01 07 10 DB DE 00 82 98 3A 00 00 02 10 00 81 D7 BA B5 68 12
12 21 00 53 01 C0 01 02 56 02 10 00 81 02 10 01 21 02 10 0D 25 02 10 02 22 02 10 05 81 02 10 06 81 3C B1 78 F4 12
12 0D 00 E6 01 C0 01 02 58 06 03 00 16 6C 42 18 96 12
12 21 00 53 01 C0 01 02 59 02 10 00 81 02 10 01 21 02 10 0D 25 02 10 02 22 02 10 05 81 02 10 06 81 87 AA DE FD 12
12 21 00 53 01 C0 01 02 5A 02 10 00 81 02 10 01 21 02 10 0D 25 02 10 02 22 02 10 05 81 02 10 06 81 A0 AD 00 FF 12
12 21 00 53 01 C0 01 02 5B 02 10 00 81 02 10 01 21 02 10 0D 25 02 10 02 22 02 10 05 81 02 10 06 81 BD 50 B5 FE 12
12 16 00 AE 00 C0 01 03 01 07 10 DB DE 00 82 98 3A 00 00 02 10 00 81 D7 BA B5 68 12
12 21 00 53 01 C0 01 02 5C 02 10 00 81 02 10 01 21 02 10 0D 25 02 10 02 22 02 10 05 81 02 10 06 81 EE A3 BC FA 12
12 21 00 53 01 C0 01 02 5E 02 10 00 81 02 10 01 21 02 10 0D 25 02 10 02 22 02 10 05 81 02 10 06 81 D4 59 D7 F9 12 00 6B A4 00