12 21 00 53 01 C0 01 02 9B 02 10 00 81 02 10 01 21 02 10 0D 25 02 10 02 22 02 10 05 81 02 10 06 81 7D 99 34 49 12
12 38 00 C1 01 C0 02 01 9B 01 10 00 81 01 00 00 01 10 01 21 01 00 00 01 10 0D 25 02 00 CB 25 01 10 02 22 04 00 00 00 00 00 01 10 05 81 02 00 AA 1E 01 10 06 81 01 00 01 B6 F3 F1 21 12
12 16 00 AE 00 C0 01 03 01 07 10 11 00 82 40 42 0F 00 02 10 00 81 C5 6A E2 0B 12
12 1B 00 5C 01 C0 03 01 01 08 10 11 01 82 20 DB DE 0A 00 00 00 01 10 00 81 01 00 00 E8 B3 A5 7C 12
12 21 00 53 01 C0 01 02 A2 02 10 00 81 02 10 01 21 02 10 0D 25 02 10 02 22 02 10 05 81 02 10 06 81 F8 FE CE 68 12
12 38 00 C1 01 C0 02 01 A2 01 10 00 81 01 00 00 01 10 01 21 01 00 00 01 10 0D 25 02 00 CB 25 01 10 02 22 04 00 00 00 00 00 01 10 05 81 02 00 AA 1E 01 10 06 81 01 00 01 0D 3C BB 9C 12
12 16 00 AE 00 C0 01 03 01 07 10 11 00 82 40 42 0F 00 02 10 00 81 C5 6A E2 0B 12
12 1B 00 5C 01 C0 03 01 01 08 10 11 01 82 20 DB DE 0A 00 00 00 01 10 00 81 01 00 00 E8 B3 A5 7C 12
12 16 00 AE 00 C0 01 03 01 07 10 11 00 82 40 42 0F 00 02 10 00 81 C5 6A E2 0B 12
12 21 00 53 01 C0 01 02 A9 02 10 00 81 02 10 01 21 02 10 0D 25 02 10 02 22 02 10 05 81 02 10 06 81 37 11 BF 67 12
12 21 00 53 01 C0 01 02 AC 02 10 00 81 02 10 01 21 02 10 0D 25 02 10 02 22 02 10 05 81 02 10 06 81 5E 18 DD 60 12
12 38 00 C1 01 C0 02 01 AC 01 10 00 81 01 00 00 01 10 01 21 01 00 00 01 10 0D 25 02 00 CB 25 01 10 02 22 04 00 00 00 00 00 01 10 05 81 02 00 AA 1E 01 10 06 81 01 00 01 64 36 E1 27 12
12 16 00 AE 00 C0 01 03 01 07 10 11 00 82 40 42 0F 00 02 10 00 81 C5 6A E2 0B 12
12 1B 00 5C 01 C0 03 01 01 08 10 11 01 82 20 DB DE 0A 00 00 00 01 10 00 81 01 00 00 E8 B3 A5 7C 12
12 21 00 53 01 C0 01 02 B1 02 10 00 81 02 10 01 21 02 10 0D 25 02 10 02 22 02 10 05 81 02 10 06 81 0F 28 4F 71 12
12 38 00 C1 01 C0 02 01 B1 01 10 00 81 01 00 00 01 10 01 21 01 00 00 01 10 0D 25 02 00 CB 25 01 10 02 22 04 00 00 00 00 00 01 10 05 81 02 00 AA 1E 01 10 06 81 01 00 01 2B C8 95 B7 12
12 16 00 AE 00 C0 01 03 01 07 10 11 00 82 40 42 0F 00 02 10 00 81 C5 6A E2 0B 12
12 1B 00 5C 01 C0 03 01 01 08 10 11 01 82 20 DB DE 0A 00 00 00 01 10 00 81 01 00 00 E8 B3 A5 7C 12
12 21 00 53 01 C0 01 02 B8 02 10 00 81 02 10 01 21 02 10 0D 25 02 10 02 22 02 10 05 81 02 10 06 81 FA 3D 55 7D 12
12 38 00 C1 01 C0 02 01 B8 01 10 00 81 01 00 00 01 10 01 21 01 00 00 01 10 0D 25 02 00 CB 25 01 10 02 22 04 00 00 00 00 00 01 10 05 81 02 00 AA 1E 01 10 06 81 01 00 01 56 44 DA BC 12
12 16 00 AE 00 C0 01 03 01 07 10 11 00 82 40 42 0F 00 02 10 00 81 C5 6A E2 0B 12
12 1B 00 5C 01 C0 03 01 01 08 10 11 01 82 20 DB DE 0A 00 00 00 01 10 00 81 01 00 00 E8 B3 A5 7C 12
12 21 00 53 01 C0 01 02 BF 02 10 00 81 02 10 01 21 02 10 0D 25 02 10 02 22 02 10 05 81 02 10 06 81 A9 CE 5C 79 12
12 38 00 C1 01 C0 02 01 BF 01 10 00 81 01 00 00 01 10 01 21 01 00 00 01 10 0D 25 02 00 CB 25 01 10 02 22 04 00 00 00 00 00 01 10 05 81 02 00 AA 1E 01 10 06 81 01 00 01 42 C2 CF 0C 12
12 16 00 AE 00 C0 01 03 01 07 10 11 00 82 40 42 0F 00 02 10 00 81 C5 6A E2 0B 12
12 1B 00 5C 01 C0 03 01 01 08 10 11 01 82 20 DB DE 0A 00 00 00 01 10 00 81 01 00 00 E8 B3 A5 7C 12
12 16 00 AE 00 C0 01 03 01 07 10 11 00 82 40 42 0F 00 02 10 00 81 C5 6A E2 0B 12
12 1B 00 5C 01 C0 03 01 01 08 10 11 01 82 20 DB DE 0A 00 00 00 01 10 00 81 01 00 00 E8 B3 A5 7C 12
12 21 00 53 01 C0 01 02 C6 02 10 00 81 02 10 01 21 02 10 0D 25 02 10 02 22 02 10 05 81 02 10 06 81 6C EE D9 35 12
12 38 00 C1 01 C0 02 01 C6 01 10 00 81 01 00 00 01 10 01 21 01 00 00 01 10 0D 25 02 00 CB 25 01 10 02 22 04 00 00 00 00 00 01 10 05 81 02 00 AA 1E 01 10 06 81 01 00 01 B0 0E 07 DD 12
12 21 00 53 01 C0 01 02 C9 02 10 00 81 02 10 01 21 02 10 0D 25 02 10 02 22 02 10 05 81 02 10 06 81 D7 F5 7F 3C 12
12 38 00 C1 01 C0 02 01 C9 01 10 00 81 01 00 00 01 10 01 21 01 00 00 01 10 0D 25 02 00 CB 25 01 10 02 22 04 00 00 00 00 00 01 10 05 81 02 00 AA 1E 01 10 06 81 01 00 01 05 E8 EC 5B 12
12 16 00 AE 00 C0 01 03 01 07 10 11 00 82 40 42 0F 00 02 10 00 81 C5 6A E2 0B 12
12 1B 00 5C 01 C0 03 01 01 08 10 11 01 82 20 DB DE 0A 00 00 00 01 10 00 81 01 00 00 E8 B3 A5 7C 12
12 21 00 53 01 C0 01 02 CE 02 10 00 81 02 10 01 21 02 10 0D 25 02 10 02 22 02 10 05 81 02 10 06 81 84 06 76 38 12
12 38 00 C1 01 C0 02 01 CE 01 10 00 81 01 00 00 01 10 01 21 01 00 00 01 10 0D 25 02 00 CB 25 01 10 02 22 04 00 00 00 00 00 01 10 05 81 02 00 AA 1E 01 10 06 81 01 00 01 11 6E F9 EB 12
12 16 00 AE 00 C0 01 03 01 07 10 11 00 82 40 42 0F 00 02 10 00 81 C5 6A E2 0B 12
12 1B 00 5C 01 C0 03 01 01 08 10 11 01 82 98 3A 00 00 00 00 01 10 00 81 01 00 00 71 76 13 64 12
12 21 00 53 01 C0 01 02 D5 02 10 00 81 02 10 01 21 02 10 0D 25 02 10 02 22 02 10 05 81 02 10 06 81 9B 38 58 2C 12
12 38 00 C1 01 C0 02 01 D5 01 10 00 81 01 00 00 01 10 01 21 01 00 00 01 10 0D 25 02 00 CB 25 01 10 02 22 04 00 00 00 00 00 01 10 05 81 02 00 AA 1E 01 10 06 81 01 00 01 96 FA 29 F6 12
12 16 00 AE 00 C0 01 03 01 07 10 11 00 82 40 42 0F 00 02 10 00 81 C5 6A E2 0B 12
12 1B 00 5C 01 C0 03 01 01 08 10 11 01 82 98 3A 00 00 00 00 01 10 00 81 01 00 00 71 76 13 64 12
12 21 00 53 01 C0 01 02 DC 02 10 00 81 02 10 01 21 02 10 0D 25 02 10 02 22 02 10 05 81 02 10 06 81 6E 2D 42 20 12
12 38 00 C1 01 C0 02 01 DC 01 10 00 81 01 00 00 01 10 01 21 01 00 00 01 10 0D 25 02 00 CB 25 01 10 02 22 04 00 00 00 00 00 01 10 05 81 02 00 AA 1E 01 10 06 81 01 00 01 EB 76 66 FD 12
12 16 00 AE 00 C0 01 03 01 07 10 11 00 82 40 42 0F 00 02 10 00 81 C5 6A E2 0B 12
12 1B 00 5C 01 C0 03 01 01 08 10 11 01 82 98 3A 00 00 00 00 01 10 00 81 01 00 00 71 76 13 64 12
12 16 00 AE 00 C0 01 03 01 07 10 11 00 82 40 42 0F 00 02 10 00 81 C5 6A E2 0B 12
12 1B 00 5C 01 C0 03 01 01 08 10 11 01 82 98 3A 00 00 00 00 01 10 00 81 01 00 00 71 76 13 64 12
12 21 00 53 01 C0 01 02 E3 02 10 00 81 02 10 01 21 02 10 0D 25 02 10 02 22 02 10 05 81 02 10 06 81 A5 44 04 04 12
12 38 00 C1 01 C0 02 01 E3 01 10 00 81 01 00 00 01 10 01 21 01 00 00 01 10 0D 25 02 00 CB 25 01 10 02 22 04 00 00 00 00 00 01 10 05 81 02 00 AA 1E 01 10 06 81 01 00 01 98 D3 88 CD 12
12 21 00 53 01 C0 01 02 E6 02 10 00 81 02 10 01 21 02 10 0D 25 02 10 02 22 02 10 05 81 02 10 06 81 CC 4D 66 03 12
12 38 00 C1 01 C0 02 01 E6 01 10 00 81 01 00 00 01 10 01 21 01 00 00 01 10 0D 25 02 00 CB 25 01 10 02 22 04 00 00 00 00 00 01 10 05 81 02 00 AA 1E 01 10 06 81 01 00 01 34 8C FE 06 12
12 16 00 AE 00 C0 01 03 01 07 10 11 00 82 40 42 0F 00 02 10 00 81 C5 6A E2 0B 12
12 1B 00 5C 01 C0 03 01 01 08 10 11 01 82 98 3A 00 00 00 00 01 10 00 81 01 00 00 71 76 13 64 12
12 21 00 53 01 C0 01 02 EB 02 10 00 81 02 10 01 21 02 10 0D 25 02 10 02 22 02 10 05 81 02 10 06 81 4D AC AB 09 12
12 38 00 C1 01 C0 02 01 EB 01 10 00 81 01 00 00 01 10 01 21 01 00 00 01 10 0D 25 02 00 CB 25 01 10 02 22 04 00 00 00 00 00 01 10 05 81 02 00 AA 1E 01 10 06 81 01 00 01 39 B3 76 FB 12
12 16 00 AE 00 C0 01 03 01 07 10 11 00 82 40 42 0F 00 02 10 00 81 C5 6A E2 0B 12
12 1B 00 5C 01 C0 03 01 01 08 10 11 01 82 98 3A 00 00 00 00 01 10 00 81 01 00 00 71 76 13 64 12
12 21 00 53 01 C0 01 02 F2 02 10 00 81 02 10 01 21 02 10 0D 25 02 10 02 22 02 10 05 81 02 10 06 81 68 68 EE 1E 12
12 38 00 C1 01 C0 02 01 F2 01 10 00 81 01 00 00 01 10 01 21 01 00 00 01 10 0D 25 02 00 CB 25 01 10 02 22 04 00 00 00 00 00 01 10 05 81 02 00 AA 1E 01 10 06 81 01 00 01 06 FE C5 9D 12
12 16 00 AE 00 C0 01 03 01 07 10 11 00 82 40 42 0F 00 02 10 00 81 C5 6A E2 0B 12
12 1B 00 5C 01 C0 03 01 01 08 10 11 01 82 98 3A 00 00 00 00 01 10 00 81 01 00 00 71 76 13 64 12
12 21 00 53 01 C0 01 02 F9 02 10 00 81 02 10 01 21 02 10 0D 25 02 10 02 22 02 10 05 81 02 10 06 81 A7 87 9F 11 12
12 38 00 C1 01 C0 02 01 F9 01 10 00 81 01 00 00 01 10 01 21 01 00 00 01 10 0D 25 02 00 CB 25 01 10 02 22 04 00 00 00 00 00 01 10 05 81 02 00 AA 1E 01 10 06 81 01 00 01 C3 AB E9 ED 12
12 16 00 AE 00 C0 01 03 01 07 10 11 00 82 40 42 0F 00 02 10 00 81 C5 6A E2 0B 12
12 1B 00 5C 01 C0 03 01 01 08 10 11 01 82 98 3A 00 00 00 00 01 10 00 81 01 00 00 71 76 13 64 12
12 16 00 AE 00 C0 01 03 01 07 10 11 00 82 40 42 0F 00 02 10 00 81 C5 6A E2 0B 12
12 1B 00 5C 01 C0 03 01 01 08 10 11 01 82 98 3A 00 00 00 00 01 10 00 81 01 00 00 71 76 13 64 12
12 21 00 53 01 C0 01 02 01 02 10 00 81 02 10 01 21 02 10 0D 25 02 10 02 22 02 10 05 81 02 10 06 81 FF D4 51 86 12
12 38 00 C1 01 C0 02 01 01 01 10 00 81 01 00 00 01 10 01 21 01 00 00 01 10 0D 25 02 00 CB 25 01 10 02 22 04 00 00 00 00 00 01 10 05 81 02 00 AA 1E 01 10 06 81 01 00 01 7F 8D 94 D8 12
12 21 00 53 01 C0 01 02 04 02 10 00 81 02 10 01 21 02 10 0D 25 02 10 02 22 02 10 05 81 02 10 06 81 96 DD 33 81 12
12 38 00 C1 01 C0 02 01 04 01 10 00 81 01 00 00 01 10 01 21 01 00 00 01 10 0D 25 02 00 CB 25 01 10 02 22 04 00 00 00 00 00 01 10 05 81 02 00 AA 1E 01 10 06 81 01 00 01 D3 D2 E2 13 12
12 16 00 AE 00 C0 01 03 01 07 10 11 00 82 40 42 0F 00 02 10 00 81 C5 6A E2 0B 12
12 1B 00 5C 01 C0 03 01 01 08 10 11 01 82 98 3A 00 00 00 00 01 10 00 81 01 00 00 71 76 13 64 12
12 21 00 53 01 C0 01 02 09 02 10 00 81 02 10 01 21 02 10 0D 25 02 10 02 22 02 10 05 81 02 10 06 81 17 3C FE 8B 12
12 38 00 C1 01 C0 02 01 09 01 10 00 81 01 00 00 01 10 01 21 01 00 00 01 10 0D 25 02 00 CB 25 01 10 02 22 04 00 00 00 00 00 01 10 05 81 02 00 AA 1E 01 10 06 81 01 00 01 DE ED 6A EE 12
12 16 00 AE 00 C0 01 03 01 07 10 11 00 82 40 42 0F 00 02 10 00 81 C5 6A E2 0B 12
12 1B 00 5C 01 C0 03 01 01 08 10 11 01 82 98 3A 00 00 00 00 01 10 00 81 01 00 00 71 76 13 64 12
12 21 00 53 01 C0 01 02 10 02 10 00 81 02 10 01 21 02 10 0D 25 02 10 02 22 02 10 05 81 02 10 06 81 32 F8 BB 9C 12
12 38 00 C1 01 C0 02 01 10 01 10 00 81 01 00 00 01 10 01 21 01 00 00 01 10 0D 25 02 00 CB 25 01 10 02 22 04 00 00 00 00 00 01 10 05 81 02 00 AA 1E 01 10 06 81 01 00 01 E1 A0 D9 88 12
12 16 00 AE 00 C0 01 03 01 07 10 11 00 82 40 42 0F 00 02 10 00 81 C5 6A E2 0B 12
12 1B 00 5C 01 C0 03 01 01 08 10 11 01 82 98 3A 00 00 00 00 01 10 00 81 01 00 00 71 76 13 64 12
12 21 00 53 01 C0 01 02 17 02 10 00 81 02 10 01 21 02 10 0D 25 02 10 02 22 02 10 05 81 02 10 06 81 61 0B B2 98 12
12 38 00 C1 01 C0 02 01 17 01 10 00 81 01 00 00 01 10 01 21 01 00 00 01 10 0D 25 02 00 CB 25 01 10 02 22 04 00 00 00 00 00 01 10 05 81 02 00 AA 1E 01 10 06 81 01 00 01 F5 26 CC 38 12
12 16 00 AE 00 C0 01 03 01 07 10 11 00 82 40 42 0F 00 02 10 00 81 C5 6A E2 0B 12
12 1B 00 5C 01 C0 03 01 01 08 10 11 01 82 98 3A 00 00 00 00 01 10 00 81 01 00 00 71 76 13 64 12
12 16 00 AE 00 C0 01 03 01 07 10 11 00 82 40 42 0F 00 02 10 00 81 C5 6A E2 0B 12
12 1B 00 5C 01 C0 03 01 01 08 10 11 01 82 98 3A 00 00 00 00 01 10 00 81 01 00 00 71 76 13 64 12
12 21 00 53 01 C0 01 02 1E 02 10 00 81 02 10 01 21 02 10 0D 25 02 10 02 22 02 10 05 81 02 10 06 81 94 1E A8 94 12
12 38 00 C1 01 C0 02 01 1E 01 10 00 81 01 00 00 01 10 01 21 01 00 00 01 10 0D 25 02 00 CB 25 01 10 02 22 04 00 00 00 00 00 01 10 05 81 02 00 AA 1E 01 10 06 81 01 00 01 88 AA 83 33 12
12 21 00 53 01 C0 01 02 21 02 10 00 81 02 10 01 21 02 10 0D 25 02 10 02 22 02 10 05 81 02 10 06 81 5F 77 EE B0 12
12 38 00 C1 01 C0 02 01 21 01 10 00 81 01 00 00 01 10 01 21 01 00 00 01 10 0D 25 02 00 CB 25 01 10 02 22 04 00 00 00 00 00 01 10 05 81 02 00 AA 1E 01 10 06 81 01 00 01 FB 0F 6D 03 12
12 16 00 AE 00 C0 01 03 01 07 10 11 00 82 40 42 0F 00 02 10 00 81 C5 6A E2 0B 12
12 1B 00 5C 01 C0 03 01 01 08 10 11 01 82 98 3A 00 00 00 00 01 10 00 81 01 00 00 71 76 13 64 12
12 21 00 53 01 C0 01 02 26 02 10 00 81 02 10 01 21 02 10 0D 25 02 10 02 22 02 10 05 81 02 10 06 81 0C 84 E7 B4 12
12 38 00 C1 01 C0 02 01 26 01 10 00 81 01 00 00 01 10 01 21 01 00 00 01 10 0D 25 02 00 CB 25 01 10 02 22 04 00 00 00 00 00 01 10 05 81 02 00 AA 1E 01 10 06 81 01 00 01 EF 89 78 B3 12
12 16 00 AE 00 C0 01 03 01 07 10 11 00 82 40 42 0F 00 02 10 00 81 C5 6A E2 0B 12
12 1B 00 5C 01 C0 03 01 01 08 10 11 01 82 98 3A 00 00 00 00 01 10 00 81 01 00 00 71 76 13 64 12
12 21 00 53 01 C0 01 02 2D 02 10 00 81 02 10 01 21 02 10 0D 25 02 10 02 22 02 10 05 81 02 10 06 81 C3 6B 96 BB 12
12 38 00 C1 01 C0 02 01 2D 01 10 00 81 01 00 00 01 10 01 21 01 00 00 01 10 0D 25 02 00 CB 25 01 10 02 22 04 00 00 00 00 00 01 10 05 81 02 00 AA 1E 01 10 06 81 01 00 01 2A DC 54 C3 12
12 16 00 AE 00 C0 01 03 01 07 10 11 00 82 40 42 0F 00 02 10 00 81 C5 6A E2 0B 12
12 1B 00 5C 01 C0 03 01 01 08 10 11 01 82 98 3A 00 00 00 00 01 10 00 81 01 00 00 71 76 13 64 12
12 21 00 53 01 C0 01 02 34 02 10 00 81 02 10 01 21 02 10 0D 25 02 10 02 22 02 10 05 81 02 10 06 81 E6 AF D3 AC 12
12 38 00 C1 01 C0 02 01 34 01 10 00 81 01 00 00 01 10 01 21 01 00 00 01 10 0D 25 02 00 CB 25 01 10 02 22 04 00 00 00 00 00 01 10 05 81 02 00 AA 1E 01 10 06 81 01 00 01 15 91 E7 A5 12
12 16 00 AE 00 C0 01 03 01 07 10 11 00 82 40 42 0F 00 02 10 00 81 C5 6A E2 0B 12
12 1B 00 5C 01 C0 03 01 01 08 10 11 01 82 98 3A 00 00 00 00 01 10 00 81 01 00 00 71 76 13 64 12
12 16 00 AE 00 C0 01 03 01 07 10 11 00 82 40 42 0F 00 02 10 00 81 C5 6A E2 0B 12
12 1B 00 5C 01 C0 03 01 01 08 10 11 01 82 98 3A 00 00 00 00 01 10 00 81 01 00 00 71 76 13 64 12
12 21 00 53 01 C0 01 02 3B 02 10 00 81 02 10 01 21 02 10 0D 25 02 10 02 22 02 10 05 81 02 10 06 81 5D B4 75 A5 12
12 38 00 C1 01 C0 02 01 3B 01 10 00 81 01 00 00 01 10 01 21 01 00 00 01 10 0D 25 02 00 CB 25 01 10 02 22 04 00 00 00 00 00 01 10 05 81 02 00 AA 1E 01 10 06 81 01 00 01 A0 77 0C 23 12
12 16 00 AE 00 C0 01 03 01 07 10 11 00 82 40 42 0F 00 02 10 00 81 C5 6A E2 0B 12
12 1B 00 5C 01 C0 03 01 01 08 10 11 01 82 98 3A 00 00 00 00 01 10 00 81 01 00 00 71 76 13 64 12
12 21 00 53 01 C0 01 02 42 02 10 00 81 02 10 01 21 02 10 0D 25 02 10 02 22 02 10 05 81 02 10 06 81 98 94 F0 E9 12
12 38 00 C1 01 C0 02 01 42 01 10 00 81 01 00 00 01 10 01 21 01 00 00 01 10 0D 25 02 00 CB 25 01 10 02 22 04 00 00 00 00 00 01 10 05 81 02 00 AA 1E 01 10 06 81 01 00 01 52 BB C4 F2 12
12 16 00 AE 00 C0 01 03 01 07 10 11 00 82 40 42 0F 00 02 10 00 81 C5 6A E2 0B 12
12 1B 00 5C 01 C0 03 01 01 08 10 11 01 82 98 3A 00 00 00 00 01 10 00 81 01 00 00 71 76 13 64 12
12 21 00 53 01 C0 01 02 49 02 10 00 81 02 10 01 21 02 10 0D 25 02 10 02 22 02 10 05 81 02 10 06 81 57 7B 81 E6 12
12 38 00 C1 01 C0 02 01 49 01 10 00 81 01 00 00 01 10 01 21 01 00 00 01 10 0D 25 02 00 CB 25 01 10 02 22 04 00 00 00 00 00 01 10 05 81 02 00 AA 1E 01 10 06 81 01 00 01 97 EE E8 82 12
12 16 00 AE 00 C0 01 03 01 07 10 11 00 82 40 42 0F 00 02 10 00 81 C5 6A E2 0B 12
12 1B 00 5C 01 C0 03 01 01 08 10 11 01 82 98 3A 00 00 00 00 01 10 00 81 01 00 00 71 76 13 64 12
12 21 00 53 01 C0 01 02 50 02 10 00 81 02 10 01 21 02 10 0D 25 02 10 02 22 02 10 05 81 02 10 06 81 72 BF C4 F1 12
12 16 00 AE 00 C0 01 03 01 07 10 11 00 82 40 42 0F 00 02 10 00 81 C5 6A E2 0B 12
12 1B 00 5C 01 C0 03 01 01 08 10 11 01 82 20 DB DE 0A 00 00 00 01 10 00 81 01 00 01 A9 82 BE 65 12
12 21 00 53 01 C0 01 02 53 02 10 00 81 02 10 01 21 02 10 0D 25 02 10 02 22 02 10 05 81 02 10 06 81 55 B8 1A F3 12
12 38 00 C1 01 C0 02 01 53 01 10 00 81 01 00 00 01 10 01 21 01 00 00 01 10 0D 25 02 00 CB 25 01 10 02 22 04 00 00 00 00 00 01 10 05 81 02 00 AA 1E 01 10 06 81 01 00 01 CC 96 89 A2 12
12 16 00 AE 00 C0 01 03 01 07 10 11 00 82 40 42 0F 00 02 10 00 81 C5 6A E2 0B 12
12 1B 00 5C 01 C0 03 01 01 08 10 11 01 82 20 DB DE 0A 00 00 00 01 10 00 81 01 00 00 E8 B3 A5 7C 12
12 21 00 53 01 C0 01 02 58 02 10 00 81 02 10 01 21 02 10 0D 25 02 10 02 22 02 10 05 81 02 10 06 81 9A 57 6B FC 12
12 38 00 C1 01 C0 02 01 58 01 10 00 81 01 00 00 01 10 01 21 01 00 00 01 10 0D 25 02 00 CA 25 01 10 02 22 04 00 00 00 00 00 01 10 05 81 02 00 AA 1E 01 10 06 81 01 00 01 48 D8 29 BC 12
12 16 00 AE 00 C0 01 03 01 07 10 11 00 82 40 42 0F 00 02 10 00 81 C5 6A E2 0B 12
12 1B 00 5C 01 C0 03 01 01 08 10 11 01 82 20 DB DE 0A 00 00 00 01 10 00 81 01 00 00 E8 B3 A5 7C 12
12 21 00 53 01 C0 01 02 5F 02 10 00 81 02 10 01 21 02 10 0D 25 02 10 02 22 02 10 05 81 02 10 06 81 C9 A4 62 F8 12
12 38 00 C1 01 C0 02 01 5F 01 10 00 81 01 00 00 01 10 01 21 01 00 00 01 10 0D 25 02 00 C9 25 01 10 02 22 04 00 00 00 00 00 01 10 05 81 02 00 AA 1E 01 10 06 81 01 00 01 9F 73 A8 BF 12
12 16 00 AE 00 C0 01 03 01 07 10 11 00 82 40 42 0F 00 02 10 00 81 C5 6A E2 0B 12
12 1B 00 5C 01 C0 03 01 01 08 10 11 01 82 20 DB DE 0A 00 00 00 01 10 00 81 01 00 00 E8 B3 A5 7C 12
12 21 00 53 01 C0 01 02 66 02 10 00 81 02 10 01 21 02 10 0D 25 02 10 02 22 02 10 05 81 02 10 06 81 4C C3 98 D9 12
12 38 00 C1 01 C0 02 01 66 01 10 00 81 01 00 00 01 10 01 21 01 00 00 01 10 0D 25 02 00 C9 25 01 10 02 22 04 00 00 00 00 00 01 10 05 81 02 00 AA 1E 01 10 06 81 01 00 01 24 BC E2 02 12
12 16 00 AE 00 C0 01 03 01 07 10 11 00 82 40 42 0F 00 02 10 00 81 C5 6A E2 0B 12
12 1B 00 5C 01 C0 03 01 01 08 10 11 01 82 20 DB DE 0A 00 00 00 01 10 00 81 01 00 00 E8 B3 A5 7C 12
12 21 00 53 01 C0 01 02 6D 02 10 00 81 02 10 01 21 02 10 0D 25 02 10 02 22 02 10 05 81 02 10 06 81 83 2C E9 D6 12
12 16 00 AE 00 C0 01 03 01 07 10 11 00 82 40 42 0F 00 02 10 00 81 C5 6A E2 0B 12
12 1B 00 5C 01 C0 03 01 01 08 10 11 01 82 20 DB DE 0A 00 00 00 01 10 00 81 01 00 00 E8 B3 A5 7C 12
12 21 00 53 01 C0 01 02 70 02 10 00 81 02 10 01 21 02 10 0D 25 02 10 02 22 02 10 05 81 02 10 06 81 D2 1C 7B C7 12
12 38 00 C1 01 C0 02 01 70 01 10 00 81 01 00 00 01 10 01 21 01 00 00 01 10 0D 25 02 00 C9 25 01 10 02 22 04 00 00 00 00 00 01 10 05 81 02 00 AA 1E 01 10 06 81 01 00 01 AE 17 BA E2 12
12 16 00 AE 00 C0 01 03 01 07 10 11 00 82 40 42 0F 00 02 10 00 81 C5 6A E2 0B 12
12 1B 00 5C 01 C0 03 01 01 08 10 11 01 82 20 DB DE 0A 00 00 00 01 10 00 81 01 00 00 E8 B3 A5 7C 12
12 21 00 53 01 C0 01 02 75 02 10 00 81 02 10 01 21 02 10 0D 25 02 10 02 22 02 10 05 81 02 10 06 81 BB 15 19 C0 12
12 38 00 C1 01 C0 02 01 75 01 10 00 81 01 00 00 01 10 01 21 01 00 00 01 10 0D 25 02 00 C9 25 01 10 02 22 04 00 00 00 00 00 01 10 05 81 02 00 AA 1E 01 10 06 81 01 00 01 02 48 CC 29 12
12 16 00 AE 00 C0 01 03 01 07 10 11 00 82 40 42 0F 00 02 10 00 81 C5 6A E2 0B 12
12 1B 00 5C 01 C0 03 01 01 08 10 11 01 82 20 DB DE 0A 00 00 00 01 10 00 81 01 00 00 E8 B3 A5 7C 12
12 21 00 53 01 C0 01 02 7C 02 10 00 81 02 10 01 21 02 10 0D 25 02 10 02 22 02 10 05 81 02 10 06 81 4E 00 03 CC 12
12 38 00 C1 01 C0 02 01 7C 01 10 00 81 01 00 00 01 10 01 21 01 00 00 01 10 0D 25 02 00 C9 25 01 10 02 22 04 00 00 00 00 00 01 10 05 81 02 00 AA 1E 01 10 06 81 01 00 01 7F C4 83 22 12
12 16 00 AE 00 C0 01 03 01 07 10 11 00 82 40 42 0F 00 02 10 00 81 C5 6A E2 0B 12
12 1B 00 5C 01 C0 03 01 01 08 10 11 01 82 20 DB DE 0A 00 00 00 01 10 00 81 01 00 00 E8 B3 A5 7C 12
12 21 00 53 01 C0 01 02 83 02 10 00 81 02 10 01 21 02 10 0D 25 02 10 02 22 02 10 05 81 02 10 06 81 45 A0 C4 5F 12
12 38 00 C1 01 C0 02 01 83 01 10 00 81 01 00 00 01 10 01 21 01 00 00 01 10 0D 25 02 00 C9 25 01 10 02 22 04 00 00 00 00 00 01 10 05 81 02 00 AA 1E 01 10 06 81 01 00 01 D7 64 EB A7 12
12 16 00 AE 00 C0 01 03 01 07 10 11 00 82 40 42 0F 00 02 10 00 81 C5 6A E2 0B 12
12 1B 00 5C 01 C0 03 01 01 08 10 11 01 82 20 DB DE 0A 00 00 00 01 10 00 81 01 00 00 E8 B3 A5 7C 12
12 21 00 53 01 C0 01 02 8A 02 10 00 81 02 10 01 21 02 10 0D 25 02 10 02 22 02 10 05 81 02 10 06 81 B0 B5 DE 53 12
12 16 00 AE 00 C0 01 03 01 07 10 11 00 82 40 42 0F 00 02 10 00 81 C5 6A E2 0B 12
12 1B 00 5C 01 C0 03 01 01 08 10 11 01 82 20 DB DE 0A 00 00 00 01 10 00 81 01 00 00 E8 B3 A5 7C 12
12 21 00 53 01 C0 01 02 8D 02 10 00 81 02 10 01 21 02 10 0D 25 02 10 02 22 02 10 05 81 02 10 06 81 E3 46 D7 57 12
12 38 00 C1 01 C0 02 01 8D 01 10 00 81 01 00 00 01 10 01 21 01 00 00 01 10 0D 25 02 00 C9 25 01 10 02 22 04 00 00 00 00 00 01 10 05 81 02 00 AA 1E 01 10 06 81 01 00 01 BE 6E B1 1C 12
12 16 00 AE 00 C0 01 03 01 07 10 11 00 82 40 42 0F 00 02 10 00 81 C5 6A E2 0B 12
12 1B 00 5C 01 C0 03 01 01 08 10 11 01 82 20 DB DE 0A 00 00 00 01 10 00 81 01 00 00 E8 B3 A5 7C 12
12 21 00 53 01 C0 01 02 92 02 10 00 81 02 10 01 21 02 10 0D 25 02 10 02 22 02 10 05 81 02 10 06 81 88 8C 2E 45 12
12 38 00 C1 01 C0 02 01 92 01 10 00 81 01 00 00 01 10 01 21 01 00 00 01 10 0D 25 02 00 C9 25 01 10 02 22 04 00 00 00 00 00 01 10 05 81 02 00 AA 1E 01 10 06 81 01 00 01 49 49 A6 F7 12
12 16 00 AE 00 C0 01 03 01 07 10 11 00 82 40 42 0F 00 02 10 00 81 C5 6A E2 0B 12
12 1B 00 5C 01 C0 03 01 01 08 10 11 01 82 20 DB DE 0A 00 00 00 01 10 00 81 01 00 00 E8 B3 A5 7C 12
12 21 00 53 01 C0 01 02 99 02 10 00 81 02 10 01 21 02 10 0D 25 02 10 02 22 02 10 05 81 02 10 06 81 47 63 5F 4A 12
12 38 00 C1 01 C0 02 01 99 01 10 00 81 01 00 00 01 10 01 21 01 00 00 01 10 0D 25 02 00 C9 25 01 10 02 22 04 00 00 00 00 00 01 10 05 81 02 00 AA 1E 01 10 06 81 01 00 01 8C 1C 8A 87 12
12 16 00 AE 00 C0 01 03 01 07 10 11 00 82 40 42 0F 00 02 10 00 81 C5 6A E2 0B 12
12 1B 00 5C 01 C0 03 01 01 08 10 11 01 82 20 DB DE 0A 00 00 00 01 10 00 81 01 00 00 E8 B3 A5 7C 12
12 21 00 53 01 C0 01 02 A0 02 10 00 81 02 10 01 21 02 10 0D 25 02 10 02 22 02 10 05 81 02 10 06 81 C2 04 A5 6B 12
12 38 00 C1 01 C0 02 01 A0 01 10 00 81 01 00 00 01 10 01 21 01 00 00 01 10 0D 25 02 00 C9 25 01 10 02 22 04 00 00 00 00 00 01 10 05 81 02 00 AA 1E 01 10 06 81 01 00 01 37 D3 C0 3A 12
12 16 00 AE 00 C0 01 03 01 07 10 11 00 82 40 42 0F 00 02 10 00 81 C5 6A E2 0B 12
12 1B 00 5C 01 C0 03 01 01 08 10 11 01 82 20 DB DE 0A 00 00 00 01 10 00 81 01 00 00 E8 B3 A5 7C 12
12 16 00 AE 00 C0 01 03 01 07 10 11 00 82 40 42 0F 00 02 10 00 81 C5 6A E2 0B 12
12 1B 00 5C 01 C0 03 01 01 08 10 11 01 82 20 DB DE 0A 00 00 00 01 10 00 81 01 00 00 E8 B3 A5 7C 12
12 21 00 53 01 C0 01 02 A7 02 10 00 81 02 10 01 21 02 10 0D 25 02 10 02 22 02 10 05 81 02 10 06 81 91 F7 AC 6F 12
12 38 00 C1 01 C0 02 01 A7 01 10 00 81 01 00 00 01 10 01 21 01 00 00 01 10 0D 25 02 00 C9 25 01 10 02 22 04 00 00 00 00 00 01 10 05 81 02 00 AA 1E 01 10 06 81 01 00 01 23 55 D5 8A 12
12 21 00 53 01 C0 01 02 AA 02 10 00 81 02 10 01 21 02 10 0D 25 02 10 02 22 02 10 05 81 02 10 06 81 10 16 61 65 12
12 38 00 C1 01 C0 02 01 AA 01 10 00 81 01 00 00 01 10 01 21 01 00 00 01 10 0D 25 02 00 C9 25 01 10 02 22 04 00 00 00 00 00 01 10 05 81 02 00 AA 1E 01 10 06 81 01 00 01 2E 6A 5D 77 12
12 16 00 AE 00 C0 01 03 01 07 10 11 00 82 40 42 0F 00 02 10 00 81 C5 6A E2 0B 12
12 1B 00 5C 01 C0 03 01 01 08 10 11 01 82 20 DB DE 0A 00 00 00 01 10 00 81 01 00 00 E8 B3 A5 7C 12
12 21 00 53 01 C0 01 02 AF 02 10 00 81 02 10 01 21 02 10 0D 25 02 10 02 22 02 10 05 81 02 10 06 81 79 1F 03 62 12
12 38 00 C1 01 C0 02 01 AF 01 10 00 81 01 00 00 01 10 01 21 01 00 00 01 10 0D 25 02 00 C9 25 01 10 02 22 04 00 00 00 00 00 01 10 05 81 02 00 AA 1E 01 10 06 81 01 00 01 82 35 2B BC 12
12 16 00 AE 00 C0 01 03 01 07 10 11 00 82 40 42 0F 00 02 10 00 81 C5 6A E2 0B 12
12 1B 00 5C 01 C0 03 01 01 08 10 11 01 82 20 DB DE 0A 00 00 00 01 10 00 81 01 00 01 A9 82 BE 65 12
12 16 00 AE 00 C0 01 03 01 07 10 11 00 82 98 3A 00 00 02 10 00 81 19 D6 7F D5 12
12 16 00 AE 00 C0 01 03 01 07 10 DB DE 00 82 98 3A 00 00 02 10 00 81 D7 BA B5 68 12
12 1B 00 5C 01 C0 03 01 01 08 10 DB DE 01 82 20 DB DE 0A 00 00 00 01 10 00 81 01 00 01 2D D9 24 36 12
12 21 00 53 01 C0 01 02 B6 02 10 00 81 02 10 01 21 02 10 0D 25 02 10 02 22 02 10 05 81 02 10 06 81 5C DB DD 46 75 12
12 38 00 C1 01 C0 02 01 B6 01 10 00 81 01 00 01 01 10 01 21 01 00 00 01 10 0D 25 02 00 C9 25 01 10 02 22 04 00 00 00 00 00 01 10 05 81 02 00 AA 1E 01 10 06 81 01 00 01 1C E8 8F 32 12
12 16 00 AE 00 C0 01 03 01 07 10 DB DE 00 82 98 3A 00 00 02 10 00 81 D7 BA B5 68 12
12 1B 00 5C 01 C0 03 01 01 08 10 DB DE 01 82 98 3A 00 00 00 00 01 10 00 81 01 00 00 F5 2D 89 37 12
12 21 00 53 01 C0 01 02 BD 02 10 00 81 02 10 01 21 02 10 0D 25 02 10 02 22 02 10 05 81 02 10 06 81 93 34 37 7A 12
12 21 00 53 01 C0 01 02 C0 02 10 00 81 02 10 01 21 02 10 0D 25 02 10 02 22 02 10 05 81 02 10 06 81 22 E0 65 30 12
12 38 00 C1 01 C0 02 01 C0 01 10 00 81 01 00 01 01 10 01 21 01 00 00 01 10 0D 25 02 00 C9 25 01 10 02 22 04 00 00 00 00 00 01 10 05 81 02 00 AA 1E 01 10 06 81 01 00 01 5B C2 AC 65 12
12 16 00 AE 00 C0 01 03 01 07 10 DB DE 00 82 98 3A 00 00 02 10 00 81 D7 BA B5 68 12
12 1B 00 5C 01 C0 03 01 01 08 10 DB DE 01 82 20 DB DE 0A 00 00 00 01 10 00 81 01 00 00 6C E8 3F 2F 12
12 21 00 53 01 C0 01 02 C5 02 10 00 81 02 10 01 21 02 10 0D 25 02 10 02 22 02 10 05 81 02 10 06 81 4B E9 07 37 12
12 38 00 C1 01 C0 02 01 C5 01 10 00 81 01 00 00 01 10 01 21 01 00 00 01 10 0D 25 02 00 C9 25 01 10 02 22 04 00 00 00 00 00 01 10 05 81 02 00 AA 1E 01 10 06 81 01 00 01 56 0D CD 46 12
12 16 00 AE 00 C0 01 03 01 07 10 DB DE 00 82 98 3A 00 00 02 10 00 81 D7 BA B5 68 12
12 1B 00 5C 01 C0 03 01 01 08 10 DB DE 01 82 98 3A 00 00 00 00 01 10 00 81 01 00 00 F5 2D 89 37 12
12 21 00 53 01 C0 01 02 CC 02 10 00 81 02 10 01 21 02 10 0D 25 02 10 02 22 02 10 05 81 02 10 06 81 BE FC 1D 3B 12
12 38 00 C1 01 C0 02 01 CC 01 10 00 81 01 00 00 01 10 01 21 01 00 00 01 10 0D 25 02 00 C9 25 01 10 02 22 04 00 00 00 00 00 01 10 05 81 02 00 AA 1E 01 10 06 81 01 00 01 2B 81 82 4D 12
12 16 00 AE 00 C0 01 03 01 07 10 DB DE 00 82 98 3A 00 00 02 10 00 81 D7 BA B5 68 12
12 1B 00 5C 01 C0 03 01 01 08 10 DB DE 01 82 98 3A 00 00 00 00 01 10 00 81 01 00 00 F5 2D 89 37 12
12 21 00 53 01 C0 01 02 D3 02 10 00 81 02 10 01 21 02 10 0D 25 02 10 02 22 02 10 05 81 02 10 06 81 D5 36 E4 29 12
12 38 00 C1 01 C0 02 01 D3 01 10 00 81 01 00 00 01 10 01 21 01 00 00 01 10 0D 25 02 00 C9 25 01 10 02 22 04 00 00 00 00 00 01 10 05 81 02 00 AA 1E 01 10 06 81 01 00 01 DC A6 95 A6 12
12 16 00 AE 00 C0 01 03 01 07 10 DB DE 00 82 98 3A 00 00 02 10 00 81 D7 BA B5 68 12
12 1B 00 5C 01 C0 03 01 01 08 10 DB DE 01 82 98 3A 00 00 00 00 01 10 00 81 01 00 00 F5 2D 89 37 12
12 21 00 53 01 C0 01 02 DA 02 10 00 81 02 10 01 21 02 10 0D 25 02 10 02 22 02 10 05 81 02 10 06 81 20 23 FE 25 12
12 38 00 C1 01 C0 02 01 DA 01 10 00 81 01 00 00 01 10 01 21 01 00 00 01 10 0D 25 02 00 C9 25 01 10 02 22 04 00 00 00 00 00 01 10 05 81 02 00 AA 1E 01 10 06 81 01 00 01 A1 2A DA AD 12
12 16 00 AE 00 C0 01 03 01 07 10 DB DE 00 82 98 3A 00 00 02 10 00 81 D7 BA B5 68 12
12 1B 00 5C 01 C0 03 01 01 08 10 DB DE 01 82 98 3A 00 00 00 00 01 10 00 81 01 00 00 F5 2D 89 37 12
12 21 00 53 01 C0 01 02 E1 02 10 00 81 02 10 01 21 02 10 0D 25 02 10 02 22 02 10 05 81 02 10 06 81 9F BE 6F 07 12
12 38 00 C1 01 C0 02 01 E1 01 10 00 81 01 00 00 01 10 01 21 01 00 00 01 10 0D 25 02 00 C9 25 01 10 02 22 04 00 00 00 00 00 01 10 05 81 02 00 AA 1E 01 10 06 81 01 00 01 A2 3C F3 6B 12
12 16 00 AE 00 C0 01 03 01 07 10 DB DE 00 82 98 3A 00 00 02 10 00 81 D7 BA B5 68 12
12 1B 00 5C 01 C0 03 01 01 08 10 DB DE 01 82 98 3A 00 00 00 00 01 10 00 81 01 00 00 F5 2D 89 37 12
12 21 00 53 01 C0 01 02 E8 02 10 00 81 02 10 01 21 02 10 0D 25 02 10 02 22 02 10 05 81 02 10 06 81 6A AB 75 0B 12
12 38 00 C1 01 C0 02 01 E8 01 10 00 81 01 00 00 01 10 01 21 01 00 00 01 10 0D 25 02 00 C9 25 01 10 02 22 04 00 00 00 00 00 01 10 05 81 02 00 AA 1E 01 10 06 81 01 00 01 DF B0 BC 60 12
12 21 00 53 01 C0 01 02 EB 02 10 00 81 02 10 01 21 02 10 0D 25 02 10 02 22 02 10 05 81 02 10 06 81 4D AC AB 09 12
12 38 00 C1 01 C0 02 01 EB 01 10 00 81 01 00 00 01 10 01 21 01 00 00 01 10 0D 25 02 00 C9 25 01 10 02 22 04 00 00 00 00 00 01 10 05 81 02 00 AA 1E 01 10 06 81 01 00 01 BB 85 6E 26 12
12 16 00 AE 00 C0 01 03 01 07 10 DB DE 00 82 98 3A 00 00 02 10 00 81 D7 BA B5 68 12
12 1B 00 5C 01 C0 03 01 01 08 10 DB DE 01 82 98 3A 00 00 00 00 01 10 00 81 01 00 00 F5 2D 89 37 12
12 21 00 53 01 C0 01 02 F0 02 10 00 81 02 10 01 21 02 10 0D 25 02 10 02 22 02 10 05 81 02 10 06 81 52 92 85 1D 12
12 38 00 C1 01 C0 02 01 F0 01 10 00 81 01 00 00 01 10 01 21 01 00 00 01 10 0D 25 02 00 C9 25 01 10 02 22 04 00 00 00 00 00 01 10 05 81 02 00 AA 1E 01 10 06 81 01 00 01 3C 11 BE 3B 12
12 16 00 AE 00 C0 01 03 01 07 10 DB DE 00 82 98 3A 00 00 02 10 00 81 D7 BA B5 68 12
12 1B 00 5C 01 C0 03 01 01 08 10 DB DE 01 82 98 3A 00 00 00 00 01 10 00 81 01 00 00 F5 2D 89 37 12
12 21 00 53 01 C0 01 02 F7 02 10 00 81 02 10 01 21 02 10 0D 25 02 10 02 22 02 10 05 81 02 10 06 81 01 61 8C 19 12
12 38 00 C1 01 C0 02 01 F7 01 10 00 81 01 00 00 01 10 01 21 01 00 00 01 10 0D 25 02 00 C9 25 01 10 02 22 04 00 00 00 00 00 01 10 05 81 02 00 AA 1E 01 10 06 81 01 00 01 28 97 AB 8B 12
12 16 00 AE 00 C0 01 03 01 07 10 DB DE 00 82 98 3A 00 00 02 10 00 81 D7 BA B5 68 12
12 1B 00 5C 01 C0 03 01 01 08 10 DB DE 01 82 98 3A 00 00 00 00 01 10 00 81 01 00 00 F5 2D 89 37 12
12 21 00 53 01 C0 01 02 FE 02 10 00 81 02 10 01 21 02 10 0D 25 02 10 02 22 02 10 05 81 02 10 06 81 F4 74 96 15 12
12 38 00 C1 01 C0 02 01 FE 01 10 00 81 01 00 00 01 10 01 21 01 00 00 01 10 0D 25 02 00 C9 25 01 10 02 22 04 00 00 00 00 00 01 10 05 81 02 00 AA 1E 01 10 06 81 01 00 01 55 1B E4 80 12
12 16 00 AE 00 C0 01 03 01 07 10 DB DE 00 82 98 3A 00 00 02 10 00 81 D7 BA B5 68 12
12 1B 00 5C 01 C0 03 01 01 08 10 DB DE 01 82 98 3A 00 00 00 00 01 10 00 81 01 00 00 F5 2D 89 37 12
12 21 00 53 01 C0 01 02 06 02 10 00 81 02 10 01 21 02 10 0D 25 02 10 02 22 02 10 05 81 02 10 06 81 AC 27 58 82 12
12 38 00 C1 01 C0 02 01 06 01 10 00 81 01 00 00 01 10 01 21 01 00 00 01 10 0D 25 02 00 C9 25 01 10 02 22 04 00 00 00 00 00 01 10 05 81 02 00 AA 1E 01 10 06 81 01 00 01 E9 3D 99 B5 12
12 21 00 53 01 C0 01 02 09 02 10 00 81 02 10 01 21 02 10 0D 25 02 10 02 22 02 10 05 81 02 10 06 81 17 3C FE 8B 12
12 38 00 C1 01 C0 02 01 09 01 10 00 81 01 00 00 01 10 01 21 01 00 00 01 10 0D 25 02 00 C9 25 01 10 02 22 04 00 00 00 00 00 01 10 05 81 02 00 AA 1E 01 10 06 81 01 00 01 5C DB DD 72 33 12
12 16 00 AE 00 C0 01 03 01 07 10 DB DE 00 82 98 3A 00 00 02 10 00 81 D7 BA B5 68 12
12 1B 00 5C 01 C0 03 01 01 08 10 DB DE 01 82 98 3A 00 00 00 00 01 10 00 81 01 00 00 F5 2D 89 37 12
12 21 00 53 01 C0 01 02 0E 02 10 00 81 02 10 01 21 02 10 0D 25 02 10 02 22 02 10 05 81 02 10 06 81 44 CF F7 8F 12
12 38 00 C1 01 C0 02 01 0E 01 10 00 81 01 00 00 01 10 01 21 01 00 00 01 10 0D 25 02 00 C9 25 01 10 02 22 04 00 00 00 00 00 01 10 05 81 02 00 AA 1E 01 10 06 81 01 00 01 48 5D 67 83 12
12 16 00 AE 00 C0 01 03 01 07 10 DB DE 00 82 98 3A 00 00 02 10 00 81 D7 BA B5 68 12
12 1B 00 5C 01 C0 03 01 01 08 10 DB DE 01 82 98 3A 00 00 00 00 01 10 00 81 01 00 00 F5 2D 89 37 12
12 21 00 53 01 C0 01 02 15 02 10 00 81 02 10 01 21 02 10 0D 25 02 10 02 22 02 10 05 81 02 10 06 81 5B F1 D9 9B 12
12 38 00 C1 01 C0 02 01 15 01 10 00 81 01 00 00 01 10 01 21 01 00 00 01 10 0D 25 02 00 C9 25 01 10 02 22 04 00 00 00 00 00 01 10 05 81 02 00 AA 1E 01 10 06 81 01 00 01 CF C9 B7 9E 12
12 16 00 AE 00 C0 01 03 01 07 10 DB DE 00 82 98 3A 00 00 02 10 00 81 D7 BA B5 68 12
12 1B 00 5C 01 C0 03 01 01 08 10 DB DE 01 82 98 3A 00 00 00 00 01 10 00 81 01 00 00 F5 2D 89 37 12
12 21 00 53 01 C0 01 02 1C 02 10 00 81 02 10 01 21 02 10 0D 25 02 10 02 22 02 10 05 81 02 10 06 81 AE E4 C3 97 12
12 38 00 C1 01 C0 02 01 1C 01 10 00 81 01 00 00 01 10 01 21 01 00 00 01 10 0D 25 02 00 C9 25 01 10 02 22 04 00 00 00 00 00 01 10 05 81 02 00 AA 1E 01 10 06 81 01 00 01 B2 45 F8 95 12
12 16 00 AE 00 C0 01 03 01 07 10 DB DE 00 82 98 3A 00 00 02 10 00 81 D7 BA B5 68 12
12 1B 00 5C 01 C0 03 01 01 08 10 DB DE 01 82 98 3A 00 00 00 00 01 10 00 81 01 00 00 F5 2D 89 37 12
12 21 00 53 01 C0 01 02 23 02 10 00 81 02 10 01 21 02 10 0D 25 02 10 02 22 02 10 05 81 02 10 06 81 65 8D 85 B3 12
12 38 00 C1 01 C0 02 01 23 01 10 00 81 01 00 00 01 10 01 21 01 00 00 01 10 0D 25 02 00 C9 25 01 10 02 22 04 00 00 00 00 00 01 10 05 81 02 00 AA 1E 01 10 06 81 01 00 01 C1 E0 16 A5 12
12 16 00 AE 00 C0 01 03 01 07 10 DB DE 00 82 98 3A 00 00 02 10 00 81 D7 BA B5 68 12
12 1B 00 5C 01 C0 03 01 01 08 10 DB DE 01 82 98 3A 00 00 00 00 01 10 00 81 01 00 00 F5 2D 89 37 12
12 21 00 53 01 C0 01 02 2A 02 10 00 81 02 10 01 21 02 10 0D 25 02 10 02 22 02 10 05 81 02 10 06 81 90 98 9F BF 12
12 38 00 C1 01 C0 02 01 2A 01 10 00 81 01 00 00 01 10 01 21 01 00 00 01 10 0D 25 02 00 C9 25 01 10 02 22 04 00 00 00 00 00 01 10 05 81 02 00 AA 1E 01 10 06 81 01 00 01 BC 6C 59 AE 12
12 21 00 53 01 C0 01 02 2D 02 10 00 81 02 10 01 21 02 10 0D 25 02 10 02 22 02 10 05 81 02 10 06 81 C3 6B 96 BB 12
12 38 00 C1 01 C0 02 01 2D 01 10 00 81 01 00 00 01 10 01 21 01 00 00 01 10 0D 25 02 00 C9 25 01 10 02 22 04 00 00 00 00 00 01 10 05 81 02 00 AA 1E 01 10 06 81 01 00 01 A8 EA 4C 1E 12
12 16 00 AE 00 C0 01 03 01 07 10 DB DE 00 82 98 3A 00 00 02 10 00 81 D7 BA B5 68 12
12 1B 00 5C 01 C0 03 01 01 08 10 DB DE 01 82 98 3A 00 00 00 00 01 10 00 81 01 00 00 F5 2D 89 37 12