12 1A 00 31 00 C0 FF 03 00 00 20 00 00 00 00 00 00 00 00 00 00 00 00 10 00 FF 06 DA EE 2D 12
12 22 00 E4 00 C0 01 03 01 07 10 13 02 10 02 81 02 10 01 02 02 10 15 81 02 10 14 81 16 82 00 00 01 00 68 CC 78 60 12
12 30 00 2B 01 C0 03 01 01 08 10 13 01 10 02 81 02 00 0E 00 01 10 01 02 04 00 20 DB DE 0A 00 01 10 15 81 02 00 D8 72 01 10 14 81 02 00 76 48 01 00 DD 6F 41 CD 12
12 1A 00 31 01 C0 FF 03 00 00 20 00 00 00 00 00 00 00 00 00 00 00 00 10 00 FF 21 BF CB AC 12
12 1A 00 31 01 C0 FF 03 00 00 20 00 00 00 00 00 00 00 00 00 00 00 00 10 00 FF 21 BF CB AC 12
12 22 00 E4 01 C0 01 03 01 07 10 13 02 10 02 81 02 10 01 02 02 10 15 81 02 10 14 81 16 82 00 00 01 00 C2 C9 A2 91 12
12 21 00 53 01 C0 01 02 01 02 10 00 81 02 10 01 21 02 10 0D 25 02 10 02 22 02 10 05 81 02 10 06 81 FF D4 51 86 12
12 38 00 C1 01 C0 02 01 01 01 10 00 81 01 00 01 01 10 01 21 01 00 00 01 10 0D 25 02 00 FA 25 01 10 02 22 04 00 00 00 00 00 01 10 05 81 02 00 67 11 01 10 06 81 01 00 49 11 00 11 00 C0 01 02 03 02 10 0B 25 02 10 0C 25 02 10 14 81 70 CC CE 7A 12
12 16 00 AE 00 C0 01 03 01 07 10 11 00 82 40 42 0F 00 02 10 00 81 C5 6A E2 0B 12
12 1B 00 5C 01 C0 03 01 01 08 10 11 01 82 20 DB DE 0A 00 00 00 01 10 00 81 01 00 01 A9 82 BE 65 12
12 21 00 53 01 C0 01 02 04 02 10 00 81 02 10 01 21 02 10 0D 25 02 10 02 22 02 10 05 81 02 10 06 81 96 DD 33 81 12
12 38 00 C1 01 C0 02 01 04 01 10 00 81 01 00 01 01 10 01 21 01 00 00 01 10 0D 25 02 00 FA 25 01 10 02 22 04 00 00 00 00 00 01 10 05 81 02 00 67 11 01 10 06 81 01 00 01 7F 52 4C E7 12
12 13 00 B6 01 C0 01 02 06 06 03 00 16 16 82 00 00 00 00 14 F5 E1 3A 12
12 24 00 4B 01 C0 02 01 06 07 03 16 30 32 34 38 4A 42 2E 30 30 2E 30 33 2E 30 30 32 2E 30 30 30 38 00 01 00 21 AA 7A C0 12
12 16 00 AE 00 C0 01 03 01 07 10 11 00 82 40 42 0F 00 02 10 00 81 C5 6A E2 0B 12
12 1B 00 5C 01 C0 03 01 01 08 10 11 01 82 20 DB DE 0A 00 00 00 01 10 00 81 01 00 01 A9 82 BE 65 12
12 21 00 53 01 C0 01 02 07 02 10 00 81 02 10 01 21 02 10 0D 25 02 10 02 22 02 10 05 81 02 10 06 81 B1 DA ED 83 12
12 38 00 C1 01 C0 02 01 07 01 10 00 81 01 00 01 01 10 01 21 01 00 00 01 10 0D 25 02 00 FA 25 01 10 02 22 04 00 00 00 00 00 01 10 05 81 02 00 67 11 01 10 06 81 01 00 01 1B 67 9E A1 12
12 16 00 AE 00 C0 01 03 01 07 10 11 00 82 40 42 0F 00 02 10 00 81 C5 6A E2 0B 12
12 1B 00 5C 01 C0 03 01 01 08 10 11 01 82 20 DB DE 0A 00 00 00 01 10 00 81 01 00 01 A9 82 BE 65 12
12 21 00 53 01 C0 01 02 09 02 10 00 81 02 10 01 21 02 10 0D 25 02 10 02 22 02 10 05 81 02 10 06 81 17 3C FE 8B 12
12 38 00 C1 01 C0 02 01 09 01 10 00 81 01 00 01 01 10 01 21 01 00 00 01 10 0D 25 02 00 E3 25 01 10 02 22 04 00 87 07 00 00 01 10 05 81 02 00 67 11 01 10 06 81 01 00 01 93 52 BF D9 12
12 16 00 AE 00 C0 01 03 01 07 10 11 00 82 40 42 0F 00 02 10 00 81 C5 6A E2 0B 12
12 1B 00 5C 01 C0 03 01 01 08 10 11 01 82 20 DB DE 0A 00 00 00 01 10 00 81 01 00 01 A9 82 BE 65 12
12 16 00 AE 00 C0 01 03 01 07 10 11 00 82 40 42 0F 00 02 10 00 81 C5 6A E2 0B 12
12 1B 00 5C 01 C0 03 01 01 08 10 11 01 82 20 DB DE 0A 00 00 00 01 10 00 81 01 00 01 A9 82 BE 65 12
12 21 00 53 01 C0 01 02 0B 02 10 00 81 02 10 01 21 02 10 0D 25 02 10 02 22 02 10 05 81 02 10 06 81 2D C6 95 88  12
12 38 00 C1 01 C0 02 01 0B 01 10 00 81 01 00 01 01 10 01 21 01 00 00 01 10 0D 25 02 00 E3 25 01 10 02 22 04 00 43 09 00 00 01 10 05 81 02 00 67 11 01 10 06 81 01 00 01 38 A0 80 85 12
12 15 00 19 01 C0 01 02 0D 02 10 0B 25 02 10 0C 25 02 10 14 81 DB DD 3A 4C 5A 12
12 21 00 53 01 C0 02 01 0D 01 10 0B 25 02 00 A0 0F 01 10 0C 25 02 00 05 0F 01 10 14 81 02 00 76 48 94 AF 7E E6 12
12 16 00 AE 00 C0 01 03 01 07 10 11 00 82 40 42 0F 00 02 10 00 81 C5 6A E2 0B 12
12 1B 00 5C 01 C0 03 01 01 08 10 11 01 82 20 DB DE 0A 00 00 00 01 10 00 81 01 00 01 A9 82 BE 65 12
12 21 00 53 01 C0 01 02 13 02 10 00 81 02 10 01 21 02 10 0D 25 02 10 02 22 02 10 05 81 02 10 06 81 15 FF 65 9E 12
12 38 00 C1 01 C0 02 01 13 01 10 00 81 01 00 01 01 10 01 21 01 00 00 01 10 0D 25 02 00 E2 25 01 10 02 22 04 00 2F 09 00 00 01 10 05 81 02 00 67 11 01 10 06 81 01 00 01 C1 90 4B 3B 12
12 21 00 53 01 C0 01 02 16 02 10 00 81 02 10 01 21 02 10 0D 25 02 10 02 22 02 10 05 81 02 10 06 81 7C F6 07 99 12
12 38 00 C1 01 C0 02 01 16 01 10 00 81 01 00 01 01 10 01 21 01 00 00 01 10 0D 25 02 00 E2 25 01 10 02 22 04 00 2F 09 00 00 01 10 05 81 02 00 67 11 01 10 06 81 01 00 01 6D CF 3D F0 12
12 16 00 AE 00 C0 01 03 01 07 10 11 00 82 40 42 0F 00 02 10 00 81 C5 6A E2 0B 12
12 1B 00 5C 01 C0 03 01 01 08 10 11 01 82 20 DB DE 0A 00 00 00 01 10 00 81 01 00 01 A9 82 BE 65 12
12 21 00 53 01 C0 01 02 1B 02 10 00 81 02 10 01 21 02 10 0D 25 02 10 02 22 02 10 05 81 02 10 06 81 FD 17 CA 93 12
12 38 00 C1 01 C0 02 01 1B 01 10 00 81 01 00 01 01 10 01 21 01 00 00 01 10 0D 25 02 00 E1 25 01 10 02 22 04 00 11 09 00 00 01 10 05 81 02 00 67 11 01 10 06 81 01 00 01 2B 86 9A 1F 12
12 16 00 AE 00 C0 01 03 01 07 10 11 00 82 40 42 0F 00 02 10 00 81 C5 6A E2 0B 12
12 1B 00 5C 01 C0 03 01 01 08 10 11 01 82 20 DB DE 0A 00 00 00 01 10 00 81 01 00 01 A9 82 BE 65 12
12 21 00 53 01 C0 01 02 22 02 10 00 81 02 10 01 21 02 10 0D 25 02 10 02 22 02 10 05 81 02 10 06 81 78 70 30 B2 12
12 38 00 C1 01 C0 02 01 22 01 10 00 81 01 00 01 01 10 01 21 01 00 00 01 10 0D 25 02 00 E0 25 01 10 02 22 04 00 FE 08 00 00 01 10 05 81 02 00 67 11 01 10 06 81 01 00 01 92 30 0C 91 12
12 16 00 AE 00 C0 01 03 01 07 10 11 00 82 40 42 0F 00 02 10 00 81 C5 6A E2 0B 12
12 1B 00 5C 01 C0 03 01 01 08 10 11 01 82 20 DB DE 0A 00 00 00 01 10 00 81 01 00 01 A9 82 BE 65 12
12 16 00 AE 00 C0 01 03 01 07 10 11 00 82 40 42 0F 00 02 10 00 81 C5 6A E2 0B 12
12 1B 00 5C 01 C0 03 01 01 08 10 11 01 82 20 DB DE 0A 00 00 00 01 10 00 81 01 00 01 A9 82 BE 65 12
12 21 00 53 01 C0 01 02 2A 02 10 00 81 02 10 01 21 02 10 0D 25 02 10 02 22 02 10 05 81 02 10 06 81 90 98 9F BF 12
12 38 00 C1 01 C0 02 01 2A 01 10 00 81 01 00 01 01 10 01 21 01 00 00 01 10 0D 25 02 00 DF 25 01 10 02 22 04 00 0A 0A 00 00 01 10 05 81 02 00 67 11 01 10 06 81 01 00 01 C7 22 5B 5B 12
12 16 00 AE 00 C0 01 03 01 07 10 11 00 82 40 42 0F 00 02 10 00 81 C5 6A E2 0B 12
12 1B 00 5C 01 C0 03 01 01 08 10 11 01 82 20 DB DE 0A 00 00 00 01 10 00 81 01 00 01 A9 82 BE 65 12
12 21 00 53 01 C0 01 02 31 02 10 00 81 02 10 01 21 02 10 0D 25 02 10 02 22 02 10 05 81 02 10 06 81 8F A6 B1 AB 12
12 38 00 C1 01 C0 02 01 31 01 10 00 81 01 00 01 01 10 01 21 01 00 00 01 10 0D 25 02 00 DE 25 01 10 02 22 04 00 55 13 00 00 01 10 05 81 02 00 67 11 01 10 06 81 01 00 01 18 A8 72 E3 12
12 16 00 AE 00 C0 01 03 01 07 10 11 00 82 40 42 0F 00 02 10 00 81 C5 6A E2 0B 12
12 1B 00 5C 01 C0 03 01 01 08 10 11 01 82 20 DB DE 0A 00 00 00 01 10 00 81 01 00 01 A9 82 BE 65 12
12 21 00 53 01 C0 01 02 39 02 10 00 81 02 10 01 21 02 10 0D 25 02 10 02 22 02 10 05 81 02 10 06 81 67 4E 1E A6 12
12 38 00 C1 01 C0 02 01 39 01 10 00 81 01 00 01 01 10 01 21 01 00 00 01 10 0D 25 02 00 DE 25 01 10 02 22 04 00 8F 0B 00 00 01 10 05 81 02 00 67 11 01 10 06 81 01 00 01 AB 2E 30 55 12
12 16 00 AE 00 C0 01 03 01 07 10 11 00 82 40 42 0F 00 02 10 00 81 C5 6A E2 0B 12
12 1B 00 5C 01 C0 03 01 01 08 10 11 01 82 20 DB DE 0A 00 00 00 01 10 00 81 01 00 01 A9 82 BE 65 12
12 21 00 53 01 C0 01 02 40 02 10 00 81 02 10 01 21 02 10 0D 25 02 10 02 22 02 10 05 81 02 10 06 81 A2 6E 9B EA 12
12 38 00 C1 01 C0 02 01 40 01 10 00 81 01 00 01 01 10 01 21 01 00 00 01 10 0D 25 02 00 DD 25 01 10 02 22 04 00 3C 09 00 00 01 10 05 81 02 00 67 11 01 10 06 81 01 00 01 FE B7 39 3E 12
12 16 00 AE 00 C0 01 03 01 07 10 11 00 82 40 42 0F 00 02 10 00 81 C5 6A E2 0B 12
12 1B 00 5C 01 C0 03 01 01 08 10 11 01 82 20 DB DE 0A 00 00 00 01 10 00 81 01 00 01 A9 82 BE 65 12
12 16 00 AE 00 C0 01 03 01 07 10 11 00 82 40 42 0F 00 02 10 00 81 C5 6A E2 0B 12
12 1B 00 5C 01 C0 03 01 01 08 10 11 01 82 20 DB DE 0A 00 00 00 01 10 00 81 01 00 01 A9 82 BE 65 12
12 21 00 53 01 C0 01 02 48 02 10 00 81 02 10 01 21 02 10 0D 25 02 10 02 22 02 10 05 81 02 10 06 81 4A 86 34 E7 12
12 38 00 C1 01 C0 02 01 48 01 10 00 81 01 00 01 01 10 01 21 01 00 00 01 10 0D 25 02 00 DC 25 01 10 02 22 04 00 5E 04 00 00 01 10 05 81 02 00 67 11 01 10 06 81 01 00 01 38 9F D8 8A 12
12 16 00 AE 00 C0 01 03 01 07 10 11 00 82 40 42 0F 00 02 10 00 81 C5 6A E2 0B 12
12 1B 00 5C 01 C0 03 01 01 08 10 11 01 82 20 DB DE 0A 00 00 00 01 10 00 81 01 00 01 A9 82 BE 65 12
12 21 00 53 01 C0 01 02 4F 02 10 00 81 02 10 01 21 02 10 0D 25 02 10 02 22 02 10 05 81 02 10 06 81 19 75 3D E3 12
12 38 00 C1 01 C0 02 01 4F 01 10 00 81 01 00 01 01 10 01 21 01 00 00 01 10 0D 25 02 00 D8 25 01 10 02 22 04 00 D7 01 00 00 01 10 05 81 02 00 67 11 01 10 06 81 01 00 01 03 56 24 FB 12
12 16 00 AE 00 C0 01 03 01 07 10 11 00 82 40 42 0F 00 02 10 00 81 C5 6A E2 0B 12
12 1B 00 5C 01 C0 03 01 01 08 10 11 01 82 20 DB DE 0A 00 00 00 01 10 00 81 01 00 01 A9 82 BE 65 12
12 21 00 53 01 C0 01 02 56 02 10 00 81 02 10 01 21 02 10 0D 25 02 10 02 22 02 10 05 81 02 10 06 81 3C B1 78 F4 12
12 38 00 C1 01 C0 02 01 56 01 10 00 81 01 00 01 01 10 01 21 01 00 00 01 10 0D 25 02 00 D4 25 01 10 02 22 04 00 C1 01 00 00 01 10 05 81 02 00 67 11 01 10 06 81 01 00 01 EA 96 CA B0 12
12 21 00 53 01 C0 01 02 59 02 10 00 81 02 10 01 21 02 10 0D 25 02 10 02 22 02 10 05 81 02 10 06 81 87 AA DE FD 12
12 38 00 C1 01 C0 02 01 59 01 10 00 81 01 00 01 01 10 01 21 01 00 00 01 10 0D 25 02 00 12 24 00 AC 00 C0 01 03 01 07 10 10 00 82 00 42 0F 00 02 10 00 80 C0 22 E2 0B 12
12 21 00 53 01 C0 01 02 5E 02 10 00 81 02 10 01 21 02 10 0D 25 02 10 02 22 02 10 05 81 02 10 06 81 D4 59 D7 F9 12
12 38 00 C1 01 C0 02 01 5E 01 10 00 81 01 00 01 01 10 01 93 8A 00 AE 00 C0 01 02 01 07 10 11 00 82 40 02 0F 00 02 1F 00 01 85 6A E2 0B 10 C0 7B F7 71 7B EF 9F FC 
12 21 00 53 01 C0 01 02 61 02 10 00 81 02 10 01 21 02 10 0D 25 02 10 02 22 02 10 05 81 02 10 06 81 1F 30 91 DD 12
12 38 00 C1 01 C0 02 01 61 01 10 00 81 01 00 01 01 10 01 21 01 00 00 01 10 0D 25 02 00 CF 25 01 10 02 22 04 00 B4 01 00 00 01 10 05 81 02 00 67 11 01 10 06 81 01 00 01 A8 2F FC DF 12
12 16 00 AE 00 C0 01 03 01 07 10 11 00 82 40 42 0F 00 02 10 00 81 C5 6A E2 0B 12
12 1B 00 5C 01 C0 03 01 01 08 10 11 01 82 20 DB DE 0A 00 00 00 01 10 00 81 01 00 01 A9 82 BE 65 12
12 21 00 53 01 C0 01 02 66 02 10 00 81 02 10 01 21 02 10 0D 25 02 10 02 22 02 10 05 81 02 10 06 81 4C C3 98 D9 12
12 38 00 C1 01 C0 02 01 66 01 10 00 81 01 00 01 01 10 01 21 01 00 00 01 10 0D 25 02 00 CA 25 01 10 02 22 04 00 AA 01 00 00 01 10 05 81 02 00 67 11 01 10 06 81 01 00 01 24 F4 1B E7 12
12 16 00 AE 00 C0 01 03 01 07 10 11 00 82 40 42 0F 00 02 10 00 81 C5 6A E2 0B 12
12 1B 00 5C 01 C0 03 01 01 08 10 11 01 82 20 DB DE 0A 00 00 00 01 10 00 81 01 00 01 A9 82 BE 65 12
12 21 00 53 01 C0 01 02 6D 02 10 00 81 02 10 01 21 02 10 0D 25 02 10 02 22 02 10 05 81 02 10 06 81 83 2C E9 D6 12
12 38 00 C1 01 C0 02 01 6D 01 10 00 81 01 00 01 01 10 01 21 01 00 00 01 10 0D 25 02 00 C5 25 01 10 02 22 04 00 A7 01 00 00 01 10 05 81 02 00 67 11 01 10 06 81 01 00 01 D2 A1 4B B0 12
12 16 00 AE 00 C0 01 03 01 07 10 11 00 82 40 42 0F 00 02 10 00 81 C5 6A E2 0B 12
12 1B 00 5C 01 C0 03 01 01 08 10 11 01 82 20 DB DE 0A 00 00 00 01 10 00 81 01 00 01 A9 82 BE 65 12
12 21 00 53 01 C0 01 02 74 02 10 00 81 02 10 01 21 02 10 0D 25 02 10 02 22 02 10 05 81 02 10 06 81 A6 E8 AC C1 12
12 38 00 C1 01 C0 02 01 74 01 10 00 81 01 00 01 01 10 01 21 01 00 00 01 10 0D 25 02 00 C0 25 01 10 02 22 04 00 A6 01 00 00 01 10 05 81 02 00 67 11 01 10 06 81 01 00 01 B1 1C D7 0E 12
12 21 00 53 01 C0 01 02 77 02 10 00 81 02 10 01 21 02 10 0D 25 02 10 02 22 02 10 05 81 02 10 06 81 81 EF 72 C3 12
12 16 00 AE 00 C0 01 03 01 07 10 11 00 82 40 42 0F 00 02 10 00 81 C5 6A E2 0B 12
12 1B 00 5C 01 C0 03 01 01 08 10 11 01 82 20 DB DE 0A 00 00 00 01 10 00 81 01 00 01 A9 82 BE 65 12
12 21 00 53 01 C0 01 02 7C 02 10 00 81 02 10 01 21 02 10 0D 25 02 10 02 22 02 10 05 81 02 10 06 81 4E 00 03 CC 12
12 16 00 AE 00 C0 01 03 01 07 10 11 00 82 40 42 0F 00 02 10 00 81 C5 6A E2 0B 12
12 1B 00 5C 01 C0 03 01 01 08 10 11 01 82 20 DB DE 0A 00 00 00 01 10 00 81 01 00 01 A9 82 BE 65 12
12 21 00 53 01 C0 01 02 7F 02 10 00 81 02 10 01 21 02 10 0D 25 02 10 02 22 02 10 05 81 02 10 06 81 69 07 DD CE 12
12 38 00 C1 01 C0 02 01 7F 01 10 00 81 01 00 01 01 10 01 21 01 00 00 01 10 0D 25 02 00 BC 25 01 10 02 22 04 00 A6 01 00 00 01 10 05 81 02 00 67 11 01 10 06 81 01 00 01 51 A2 06 9D 12
12 16 00 AE 00 C0 01 03 01 07 10 11 00 82 40 42 0F 00 02 10 00 81 C5 6A E2 0B 12
12 1B 00 5C 01 C0 03 01 01 08 10 11 01 82 20 DB DE 0A 00 00 00 01 10 00 81 01 00 01 A9 82 BE 65 12
12 21 00 53 01 C0 01 02 84 02 10 00 81 02 10 01 21 02 10 0D 25 02 10 02 22 02 10 05 81 02 10 06 81 16 53 CD 5B 12
12 38 00 C1 01 C0 02 01 84 01 10 00 81 01 00 01 01 10 01 21 01 00 00 01 10 0D 25 02 00 B7 25 01 10 02 22 04 00 B0 01 00 00 01 10 05 81 02 00 67 11 01 10 06 81 01 00 01 D9 7A 21 11 12
12 16 00 AE 00 C0 01 03 01 07 10 11 00 82 40 42 0F 00 02 10 00 81 C5 6A E2 0B 12
12 1B 00 5C 01 C0 03 01 01 08 10 11 01 82 20 DB DE 0A 00 00 00 01 10 00 81 01 00 01 A9 82 BE 65 12
12 21 00 53 01 C0 01 02 8B 02 10 00 81 02 10 01 21 02 10 0D 25 02 10 02 22 02 10 05 81 02 10 06 81 AD 48 6B 52 12
12 38 00 C1 01 C0 02 01 8B 01 10 00 81 01 00 01 01 10 01 21 01 00 00 01 10 0D 25 02 00 B2 25 01 10 02 22 04 00 AF 01 00 00 01 10 05 81 02 00 67 11 01 10 06 81 01 00 01 AC 41 DA C8 12
12 16 00 AE 00 C0 01 03 01 07 10 11 00 82 40 42 0F 00 02 10 00 81 C5 6A E2 0B 12
12 1B 00 5C 01 C0 03 01 01 08 10 11 01 82 20 DB DE 0A 00 00 00 01 10 00 81 01 00 01 A9 82 BE 65 12
12 21 00 53 01 C0 01 02 92 02 10 00 81 02 10 01 21 02 10 0D 25 02 10 02 22 02 10 05 81 02 10 06 81 88 8C 2E 45 12
12 38 00 C1 01 C0 02 01 92 01 10 00 81 01 00 01 01 10 01 21 01 00 00 01 10 0D 25 02 00 AD 25 01 10 02 22 04 00 A9 01 00 00 01 10 05 81 02 00 67 11 01 10 06 81 01 00 01 D9 3C 96 7D 12
12 16 00 AE 00 C0 01 03 01 07 10 11 00 82 40 42 0F 00 02 10 00 81 C5 6A E2 0B 12
12 1B 00 5C 01 C0 03 01 01 08 10 11 01 82 20 DB DE 0A 00 00 00 01 10 00 81 01 00 01 A9 82 BE 65 12
12 16 00 AE 00 C0 01 03 01 07 10 11 00 82 40 42 0F 00 02 10 00 81 C5 6A E2 0B 12
12 21 00 53 01 C0 01 02 99 02 10 00 81 02 10 01 21 02 10 0D 25 02 10 02 22 02 10 05 81 02 10 06 81 47 63 5F 4A 12
12 38 00 C1 01 C0 02 01 99 01 10 00 81 01 00 01 01 10 01 21 01 00 00 01 10 0D 25 02 00 A8 25 01 10 02 22 04 00 A9 01 00 00 01 10 05 81 02 00 67 11 01 10 06 81 01 00 01 18 19 77 02 12
12 16 00 AE 00 C0 01 03 01 07 10 11 00 82 40 42 0F 00 02 10 00 81 C5 6A E2 0B 12
12 1B 00 5C 01 C0 03 01 01 08 10 11 01 82 20 DB DE 0A 00 00 00 01 10 00 81 01 00 01 A9 82 BE 65 12
12 21 00 53 01 C0 01 02 A0 02 10 00 81 02 10 01 21 02 10 0D 25 02 10 02 22 02 10 05 81 02 10 06 81 C2 04 A5 6B 12
12 38 00 C1 01 C0 02 01 A0 01 10 00 81 01 00 01 01 10 01 21 01 00 00 01 10 0D 25 02 00 A3 25 01 10 02 22 04 00 B2 01 00 00 01 10 05 81 02 00 67 11 01 10 06 81 01 00 01 CC 8D 9E 77 12
12 16 00 AE 00 C0 01 03 01 07 10 11 00 82 40 42 0F 00 02 10 00 81 C5 6A E2 0B 12
12 1B 00 5C 01 C0 03 01 01 08 10 11 01 82 20 DB DE 0A 00 00 00 01 10 00 81 01 00 01 A9 82 BE 65 12
12 21 00 53 01 C0 01 02 A7 02 10 00 81 02 10 01 21 02 10 0D 25 02 10 02 22 02 10 05 81 02 10 06 81 91 F7 AC 6F 12
12 38 00 C1 01 C0 02 01 A7 01 10 00 81 01 00 01 01 10 01 21 01 00 00 01 10 0D 25 02 00 9E 25 01 10 02 22 04 00 B1 01 00 00 01 10 05 81 02 00 67 11 01 10 06 81 01 00 01 00 D6 0F 4B 12
12 21 00 53 01 C0 01 02 AA 02 10 00 81 02 10 01 21 02 10 0D 25 02 10 02 22 02 10 05 81 02 10 06 81 10 16 61 65 12
12 38 00 C1 01 C0 02 01 AA 01 10 00 81 01 00 01 01 10 01 21 01 00 00 01 10 0D 25 02 00 9E 25 01 10 02 22 04 00 B1 01 00 00 01 10 05 81 02 00 67 11 01 10 06 81 01 00 01 0D E9 87 B6 12
12 16 00 AE 00 C0 01 03 01 07 10 11 00 82 40 42 0F 00 02 10 00 81 C5 6A E2 0B 12
12 1B 00 5C 01 C0 03 01 01 08 10 11 01 82 20 DB DE 0A 00 00 00 01 10 00 81 01 00 01 A9 82 BE 65 12
12 21 00 53 01 C0 01 02 AF 02 10 00 81 02 10 01 21 02 10 0D 25 02 10 02 22 02 10 05 81 02 10 06 81 79 1F 03 62 12
12 38 00 C1 01 C0 02 01 AF 01 10 00 81 01 00 01 01 10 01 21 01 00 00 01 10 0D 25 02 00 99 25 01 10 02 22 04 00 B1 01 00 00 01 10 05 81 02 00 67 11 01 10 06 81 01 00 01 27 F0 24 AF 12
12 16 00 AE 00 C0 01 03 01 07 10 11 00 82 40 42 0F 00 02 10 00 81 C5 6A E2 0B 12
12 1B 00 5C 01 C0 03 01 01 08 10 11 01 82 20 DB DE 0A 00 00 00 01 10 00 81 01 00 01 A9 82 BE 65 12
12 21 00 53 01 C0 01 02 B2 02 10 00 81 02 10 01 21 02 10 0D 25 02 10 02 22 02 10 05 81 02 10 06 81 28 2F 91 73 12
12 38 00 C1 01 C0 02 01 B2 01 10 00 81 01 00 01 01 10 01 21 01 00 00 01 10 0D 25 02 00 99 25 01 10 02 22 04 00 B1 01 00 00 01 10 05 81 02 00 67 11 01 10 06 81 01 00 01 68 0E 50 3F 12
12 16 00 AE 00 C0 01 03 01 07 10 11 00 82 40 42 0F 00 02 10 00 81 C5 6A E2 0B 12
12 1B 00 5C 01 C0 03 01 01 08 10 11 01 82 20 DB DE 0A 00 00 00 01 10 00 81 01 00 01 A9 82 BE 65 12
12 21 00 53 01 C0 01 02 B7 02 10 00 81 02 10 01 21 02 10 0D 25 02 10 02 22 02 10 05 81 02 10 06 81 41 26 F3 74 12
12 38 00 C1 01 C0 02 01 B7 01 10 00 81 01 00 01 01 10 01 21 01 00 00 01 10 0D 25 02 00 95 25 01 10 02 22 04 00 AC 01 00 00 01 10 05 81 02 00 67 11 01 10 06 81 01 00 01 3E 47 8C 73 12
12 21 00 53 01 C0 01 02 BA 02 10 00 81 02 10 01 21 02 10 0D 25 02 10 02 22 02 10 05 81 02 10 06 81 C0 C7 3E 7E 12
12 38 00 C1 01 C0 02 01 BA 01 10 00 81 01 00 01 01 10 01 21 01 00 00 01 10 0D 25 02 00 95 25 01 10 02 22 04 00 AC 01 00 00 01 10 05 81 02 00 67 11 01 10 06 81 01 00 01 33 78 04 8E 12
12 16 00 AE 00 C0 01 03 01 07 10 11 00 82 40 42 0F 00 02 10 00 81 C5 6A E2 0B 12
12 1B 00 5C 01 C0 03 01 01 08 10 11 01 82 20 DB DE 0A 00 00 00 01 10 00 81 01 00 01 A9 82 BE 65 12
12 21 00 53 01 C0 01 02 BF 02 10 00 81 02 10 01 21 02 10 0D 25 02 10 02 22 02 10 05 81 02 10 06 81 A9 CE 5C 79 12
12 38 00 C1 01 C0 02 01 BF 01 10 00 81 01 00 01 01 10 01 21 01 00 00 01 10 0D 25 02 00 90 25 01 10 02 22 04 00 AF 01 00 00 01 10 05 81 02 00 67 11 01 10 06 81 01 00 01 32 D1 E9 E9 12
12 21 00 53 01 C0 01 02 C2 02 10 00 81 02 10 01 21 02 10 0D 25 02 10 02 22 02 10 05 81 02 10 06 81 18 1A 0E 33 12
12 38 00 C1 01 C0 02 01 C2 01 10 00 81 01 00 01 01 10 01 21 01 00 00 01 10 0D 25 02 00 90 25 01 10 02 22 04 00 AF 01 00 00 01 10 05 81 02 00 67 11 01 10 06 81 01 00 01 B0 AE E6 CE 12
12 16 00 AE 00 C0 01 03 01 07 10 11 00 82 40 42 0F 00 02 10 00 81 C5 6A E2 0B 12
12 1B 00 5C 01 C0 03 01 01 08 10 11 01 82 20 DB DE 0A 00 00 00 01 10 00 81 01 00 01 A9 82 BE 65 12
12 21 00 53 01 C0 01 02 C7 02 10 00 81 02 10 01 21 02 10 0D 25 02 10 02 22 02 10 05 81 02 10 06 81 71 13 6C 34 12
12 38 00 C1 01 C0 02 01 C7 01 10 00 81 01 00 01 01 10 01 21 01 00 00 01 10 0D 25 02 00 8B 25 01 10 02 22 04 00 AB 01 00 00 01 10 05 81 02 00 67 11 01 10 06 81 01 00 01 E2 AC 9A C3 12
12 21 00 53 01 C0 01 02 CA 02 10 00 81 02 10 01 21 02 10 0D 25 02 10 02 22 02 10 05 81 02 10 06 81 F0 F2 A1 3E 12
12 38 00 C1 01 C0 02 01 CA 01 10 00 81 01 00 01 01 10 01 21 01 00 00 01 10 0D 25 02 00 8B 25 01 10 02 22 04 00 AB 01 00 00 01 10 05 81 02 00 67 11 01 10 06 81 01 00 01 EF 93 DB DE 3E 12
12 16 00 AE 00 C0 01 03 01 07 10 11 00 82 40 42 0F 00 02 10 00 81 C5 6A E2 0B 12
12 1B 00 5C 01 C0 03 01 01 08 10 11 01 82 20 DB DE 0A 00 00 00 01 10 00 81 01 00 01 A9 82 BE 65 12
12 21 00 53 01 C0 01 02 CF 02 10 00 81 02 10 01 21 02 10 0D 25 02 10 02 22 02 10 05 81 02 10 06 81 99 FB C3 39 12
12 38 00 C1 01 C0 02 01 CF 01 10 00 81 01 00 01 01 10 01 21 01 00 00 01 10 0D 25 02 00 86 25 01 10 02 22 04 00 AA 01 00 00 01 10 05 81 02 00 67 11 01 10 06 81 01 00 01 95 EA C9 EF 12
12 16 00 AE 00 C0 01 03 01 07 10 11 00 82 40 42 0F 00 02 10 00 81 C5 6A E2 0B 12
12 1B 00 5C 01 C0 03 01 01 08 10 11 01 82 20 DB DE 0A 00 00 00 01 10 00 81 01 00 01 A9 82 BE 65 12
12 16 00 AE 00 C0 01 03 01 07 10 11 00 82 40 42 0F 00 02 10 00 81 C5 6A E2 0B 12
12 1B 00 5C 01 C0 03 01 01 08 10 11 01 82 20 DB DE 0A 00 00 00 01 10 00 81 01 00 01 A9 82 BE 65 12
12 21 00 53 01 C0 01 02 D6 02 10 00 81 02 10 01 21 02 10 0D 25 02 10 02 22 02 10 05 81 02 10 06 81 BC 3F 86 2E 12
12 38 00 C1 01 C0 02 01 D6 01 10 00 81 01 00 01 01 10 01 21 01 00 00 01 10 0D 25 02 00 81 25 01 10 02 22 04 00 AA 01 00 00 01 10 05 81 02 00 67 11 01 10 06 81 01 00 01 2C E1 AF 5B 12
12 21 00 53 01 C0 01 02 D9 02 10 00 81 02 10 01 21 02 10 0D 25 02 10 02 22 02 10 05 81 02 10 06 81 07 24 20 27 12
12 38 00 C1 01 C0 02 01 D9 01 10 00 81 01 00 01 01 10 01 21 01 00 00 01 10 0D 25 02 00 81 25 01 10 02 22 04 00 AA 01 00 00 01 10 05 81 02 00 67 11 01 10 06 81 01 00 01 99 07 44 DD 12
12 16 00 AE 00 C0 01 03 01 07 10 11 00 82 40 42 0F 00 02 10 00 81 C5 6A E2 0B 12
12 1B 00 5C 01 C0 03 01 01 08 10 11 01 82 20 DB DE 0A 00 00 00 01 10 00 81 01 00 01 A9 82 BE 65 12
12 21 00 53 01 C0 01 02 DE 02 10 00 81 02 10 01 21 02 10 0D 25 02 10 02 22 02 10 05 81 02 10 06 81 54 D7 29 23 12
12 38 00 C1 01 C0 02 01 DE 01 10 00 81 01 00 01 01 10 01 21 01 00 00 01 10 0D 25 02 00 7C 25 01 10 02 22 04 00 A9 01 00 00 01 10 05 81 02 00 67 11 01 10 06 81 01 00 01 2B A7 40 DD 12
12 16 00 AE 00 C0 01 03 01 07 10 11 00 82 40 42 0F 00 02 10 00 81 C5 6A E2 0B 12
12 1B 00 5C 01 C0 03 01 01 08 10 11 01 82 20 DB DE 0A 00 00 00 01 10 00 81 01 00 01 A9 82 BE 65 12
12 21 00 53 01 C0 01 02 E5 02 10 00 81 02 10 01 21 02 10 0D 25 02 10 02 22 02 10 05 81 02 10 06 81 EB 4A B8 01 12
12 38 00 C1 01 C0 02 01 E5 01 10 00 81 01 00 01 01 10 01 21 01 00 00 01 10 0D 25 02 00 77 25 01 10 02 22 04 00 A8 01 00 00 01 10 05 81 02 00 67 11 01 10 06 81 01 00 01 39 CA 9D BD 12
12 16 00 AE 00 C0 01 03 01 07 10 11 00 82 40 42 0F 00 02 10 00 81 C5 6A E2 0B 12
12 1B 00 5C 01 C0 03 01 01 08 10 11 01 82 20 DB DE 0A 00 00 00 01 10 00 81 01 00 01 A9 82 BE 65 12
12 21 00 53 01 C0 01 02 EC 02 10 00 81 02 10 01 21 02 10 0D 25 02 10 02 22 02 10 05 81 02 10 06 81 1E 5F A2 0D 12
12 38 00 C1 01 C0 02 01 EC 01 10 00 81 01 00 01 01 10 01 21 01 00 00 01 10 0D 25 02 00 72 25 01 10 02 22 04 00 A7 01 00 00 01 10 05 81 02 00 67 11 01 10 06 81 01 00 01 8E A0 80 FA 12
12 16 00 AE 00 C0 01 03 01 07 10 11 00 82 40 42 0F 00 02 10 00 81 C5 6A E2 0B 12
12 1B 00 5C 01 C0 03 01 01 08 10 11 01 82 20 DB DE 0A 00 00 00 01 10 00 81 01 00 01 A9 82 BE 65 12
12 16 00 AE 00 C0 01 03 01 07 10 11 00 82 40 42 0F 00 02 10 00 81 C5 6A E2 0B 12
12 1B 00 5C 01 C0 03 01 01 08 10 11 01 82 20 DB DE 0A 00 00 00 01 10 00 81 01 00 01 A9 82 BE 65 12
12 21 00 53 01 C0 01 02 F3 02 10 00 81 02 10 01 21 02 10 0D 25 02 10 02 22 02 10 05 81 02 10 06 81 75 95 5B 1F 12
12 38 00 C1 01 C0 02 01 F3 01 10 00 81 01 00 01 01 10 01 21 01 00 00 01 10 0D 25 02 00 6D 25 01 10 02 22 04 00 A8 01 00 00 01 10 05 81 02 00 67 11 01 10 06 81 01 00 01 EE 2A 2B 1C 12
12 21 00 53 01 C0 01 02 F6 02 10 00 81 02 10 01 21 02 10 0D 25 02 10 02 22 02 10 05 81 02 10 06 81 1C 9C 39 18 12
12 38 00 C1 01 C0 02 01 F6 01 10 00 81 01 00 01 01 10 01 21 01 00 00 01 10 0D 25 02 00 6D 25 01 10 02 22 04 00 A8 01 00 00 01 10 05 81 02 00 67 11 01 10 06 81 01 00 01 42 75 5D D7 12
12 16 00 AE 00 C0 01 03 01 07 10 11 00 82 40 42 0F 00 02 10 00 81 C5 6A E2 0B 12
12 1B 00 5C 01 C0 03 01 01 08 10 11 01 82 20 DB DE 0A 00 00 00 01 10 00 81 01 00 01 A9 82 BE 65 12
12 21 00 53 01 C0 01 02 FB 02 10 00 81 02 10 01 21 02 10 0D 25 02 10 02 22 02 10 05 81 02 10 06 81 9D 7D F4 DB DE 12
12 38 00 C1 01 C0 02 01 FB 01 10 00 81 01 00 01 01 10 01 21 01 00 00 01 10 0D 25 02 00 68 25 01 10 02 22 04 00 A6 01 00 00 01 10 05 81 02 00 67 11 01 10 06 81 01 00 01 DD 2C 65 B1 12
12 16 00 AE 00 C0 01 03 01 07 10 11 00 82 40 42 0F 00 02 10 00 81 C5 6A E2 0B 12
12 1B 00 5C 01 C0 03 01 01 08 10 11 01 82 20 DB DE 0A 00 00 00 01 10 00 81 01 00 01 A9 82 BE 65 12
12 21 00 53 01 C0 01 02 03 02 10 00 81 02 10 01 21 02 10 0D 25 02 10 02 22 02 10 05 81 02 10 06 81 C5 2E 3A 85 12
12 38 00 C1 01 C0 02 01 03 01 10 00 81 01 00 01 01 10 01 21 01 00 00 01 10 0D 25 02 00 63 25 01 10 02 22 04 00 AE 01 00 00 01 10 05 81 02 00 67 11 01 10 06 81 01 00 01 AD EC AF FC 12
12 16 00 AE 00 C0 01 03 01 07 10 11 00 82 40 42 0F 00 02 10 00 81 C5 6A E2 0B 12
12 1B 00 5C 01 C0 03 01 01 08 10 11 01 82 20 DB DE 0A 00 00 00 01 10 00 81 01 00 01 A9 82 BE 65 12
12 21 00 53 01 C0 01 02 0A 02 10 00 81 02 10 01 21 02 10 0D 25 02 10 02 22 02 10 05 81 02 10 06 81 30 3B 20 89 12
12 38 00 C1 01 C0 02 01 0A 01 10 00 81 01 00 01 01 10 01 21 01 00 00 01 10 0D 25 02 00 5E 25 01 10 02 22 04 00 A6 01 00 00 01 10 05 81 02 00 67 11 01 10 06 81 01 00 01 24 26 93 D1 12
12 16 00 AE 00 C0 01 03 01 07 10 11 00 82 40 42 0F 00 02 10 00 81 C5 6A E2 0B 12
12 1B 00 5C 01 C0 03 01 01 08 10 11 01 82 20 DB DE 0A 00 00 00 01 10 00 81 01 00 01 A9 82 BE 65 12
12 16 00 AE 00 C0 01 03 01 07 10 11 00 82 40 42 0F 00 02 10 00 81 C5 6A E2 0B 12
12 1B 00 5C 01 C0 03 01 01 08 10 11 01 82 20 DB DE 0A 00 00 00 01 10 00 81 01 00 01 A9 82 BE 65 12
12 21 00 53 01 C0 01 02 11 02 10 00 81 02 10 01 21 02 10 0D 25 02 10 02 22 02 10 05 81 02 10 06 81 2F 05 0E 9D 12
12 38 00 C1 01 C0 02 01 11 01 10 00 81 01 00 01 01 10 01 21 01 00 00 01 10 0D 25 02 00 59 25 01 10 02 22 04 00 A7 01 00 00 01 10 05 81 02 00 67 11 01 10 06 81 01 00 01 7D 74 74 C9 12
12 21 00 53 01 C0 01 02 14 02 10 00 81 02 10 01 21 02 10 0D 25 02 10 02 22 02 10 05 81 02 10 06 81 46 0C 6C 9A 12
12 38 00 C1 01 C0 02 01 14 01 10 00 81 01 00 01 01 10 01 21 01 00 00 01 10 0D 25 02 00 59 25 01 10 02 22 04 00 A7 01 00 00 01 10 05 81 02 00 67 11 01 10 06 81 01 00 01 D1 2B 02 02 12
12 16 00 AE 00 C0 01 03 01 07 10 11 00 82 40 42 0F 00 02 10 00 81 C5 6A E2 0B 12
12 1B 00 5C 01 C0 03 01 01 08 10 11 01 82 20 DB DE 0A 00 00 00 01 10 00 81 01 00 01 A9 82 BE 65 12
12 21 00 53 01 C0 01 02 19 02 10 00 81 02 10 01 21 02 10 0D 25 02 10 02 22 02 10 05 81 02 10 06 81 C7 ED A1 90 12
12 38 00 C1 01 C0 02 01 19 01 10 00 81 01 00 01 01 10 01 21 01 00 00 01 10 0D 25 02 00 55 25 01 10 02 22 04 00 A4 01 00 00 01 10 05 81 02 00 67 11 01 10 06 81 01 00 01 BA 2F 1F FF 12
12 16 00 AE 00 C0 01 03 01 07 10 11 00 82 40 42 0F 00 02 10 00 81 C5 6A E2 0B 12
12 1B 00 5C 01 C0 03 01 01 08 10 11 01 82 20 DB DE 0A 00 00 00 01 10 00 81 01 00 01 A9 82 BE 65 12
12 21 00 53 01 C0 01 02 20 02 10 00 81 02 10 01 21 02 10 0D 25 02 10 02 22 02 10 05 81 02 10 06 81 42 8A 5B B1 12
12 38 00 C1 01 C0 02 01 20 01 10 00 81 01 00 01 01 10 01 21 01 00 00 01 10 0D 25 02 00 50 25 01 10 02 22 04 00 A5 01 00 00 01 10 05 81 02 00 67 11 01 10 06 81 01 00 01 5D 10 7A 9A 12
12 16 00 AE 00 C0 01 03 01 07 10 11 00 82 40 42 0F 00 02 10 00 81 C5 6A E2 0B 12
12 1B 00 5C 01 C0 03 01 01 08 10 11 01 82 20 DB DE 0A 00 00 00 01 10 00 81 01 00 01 A9 82 BE 65 12
12 21 00 53 01 C0 01 02 27 02 10 00 81 02 10 01 21 02 10 0D 25 02 10 02 22 02 10 05 81 02 10 06 81 11 79 52 B5 12
12 38 00 C1 01 C0 02 01 27 01 10 00 81 01 00 01 01 10 01 21 01 00 00 01 10 0D 25 02 00 4B 25 01 10 02 22 04 00 AA 01 00 00 01 10 05 81 02 00 67 11 01 10 06 81 01 00 01 9B 50 92 46 12
12 16 00 AE 00 C0 01 03 01 07 10 11 00 82 40 42 0F 00 02 10 00 81 C5 6A E2 0B 12
12 1B 00 5C 01 C0 03 01 01 08 10 11 01 82 20 DB DE 0A 00 00 00 01 10 00 81 01 00 01 A9 82 BE 65 12
12 21 00 53 01 C0 01 02 2A 02 10 00 81 02 10 01 21 02 10 0D 25 02 10 02 22 02 10 05 81 02 10 06 81 90 98 9F BF 12
12 38 00 C1 01 C0 02 01 2A 01 10 00 81 01 00 01 01 10 01 21 01 00 00 01 10 0D 25 02 00 4B 25 01 10 02 22 04 00 AA 01 00 00 01 10 05 81 02 00 67 11 01 10 06 81 01 00 01 96 6F 1A BB 12
12 16 00 AE 00 C0 01 03 01 07 10 11 00 82 40 42 0F 00 02 10 00 81 C5 6A E2 0B 12
12 1B 00 5C 01 C0 03 01 01 08 10 11 01 82 20 DB DE 0A 00 00 00 01 10 00 81 01 00 01 A9 82 BE 65 12
12 21 00 53 01 C0 01 02 2F 02 10 00 81 02 10 01 21 02 10 0D 25 02 10 02 22 02 10 05 81 02 10 06 81 F9 91 FD B8 12
12 38 00 C1 01 C0 02 01 2F 01 10 00 81 01 00 01 01 10 01 21 01 00 00 01 10 0D 25 02 00 46 25 01 10 02 22 04 00 AD 01 00 00 01 10 05 81 02 00 67 11 01 10 06 81 01 00 01 FF 1D 1D F7 12
12 21 00 53 01 C0 01 02 32 02 10 00 81 02 10 01 21 02 10 0D 25 02 10 02 22 02 10 05 81 02 10 06 81 A8 A1 6F A9 12
12 38 00 C1 01 C0 02 01 32 01 10 00 81 01 00 01 01 10 01 21 01 00 00 01 10 0D 25 02 00 46 25 01 10 02 22 04 00 AD 01 00 00 01 10 05 81 02 00 67 11 01 10 06 81 01 00 01 B0 E3 69 67 12
12 16 00 AE 00 C0 01 03 01 07 10 11 00 82 40 42 0F 00 02 10 00 81 C5 6A E2 0B 12
12 1B 00 5C 01 C0 03 01 01 08 10 11 01 82 20 DB DE 0A 00 00 00 01 10 00 81 01 00 01 A9 82 BE 65 12
12 21 00 53 01 C0 01 02 37 02 10 00 81 02 10 01 21 02 10 0D 25 02 10 02 22 02 10 05 81 02 10 06 81 C1 A8 0D AE 12
12 38 00 C1 01 C0 02 01 37 01 10 00 81 01 00 01 01 10 01 21 01 00 00 01 10 0D 25 02 00 41 25 01 10 02 22 04 00 AA 01 00 00 01 10 05 81 02 00 67 11 01 10 06 81 01 00 01 D1 71 F4 34 12
12 21 00 53 01 C0 01 02 3A 02 10 00 81 02 10 01 21 02 10 0D 25 02 10 02 22 02 10 05 81 02 10 06 81 40 49 C0 A4 12
12 38 00 C1 01 C0 02 01 3A 01 10 00 81 01 00 01 01 10 01 21 01 00 00 01 10 0D 25 02 00 41 25 01 10 02 22 04 00 AA 01 00 00 01 10 05 81 02 00 67 11 01 10 06 81 01 00 01 DC 4E 7C C9 12
12 16 00 AE 00 C0 01 03 01 07 10 11 00 82 40 42 0F 00 02 10 00 81 C5 6A E2 0B 12
12 1B 00 5C 01 C0 03 01 01 08 10 11 01 82 20 DB DE 0A 00 00 00 01 10 00 81 01 00 01 A9 82 BE 65 12
12 21 00 53 01 C0 01 02 3F 02 10 00 81 02 10 01 21 02 10 0D 25 02 10 02 22 02 10 05 81 02 10 06 81 29 40 A2 A3 12
12 38 00 C1 01 C0 02 01 3F 01 10 00 81 01 00 01 01 10 01 21 01 00 00 01 10 0D 25 02 00 3C 25 01 10 02 22 04 00 A6 01 00 00 01 10 05 81 02 00 67 11 01 10 06 81 01 00 01 73 F1 B2 6F 12
12 21 00 53 01 C0 01 02 42 02 10 00 81 02 10 01 21 02 10 0D 25 02 10 02 22 02 10 05 81 02 10 06 81 98 94 F0 E9 12
12 38 00 C1 01 C0 02 01 42 01 10 00 81 01 00 01 01 10 01 21 01 00 00 01 10 0D 25 02 00 3C 25 01 10 02 22 04 00 A6 01 00 00 01 10 05 81 02 00 67 11 01 10 06 81 01 00 01 F1 8E BD 48 12
12 16 00 AE 00 C0 01 03 01 07 10 11 00 82 40 42 0F 00 02 10 00 81 C5 6A E2 0B 12
12 1B 00 5C 01 C0 03 01 01 08 10 11 01 82 20 DB DE 0A 00 00 00 01 10 00 81 01 00 01 A9 82 BE 65 12
12 21 00 53 01 C0 01 02 47 02 10 00 81 02 10 01 21 02 10 0D 25 02 10 02 22 02 10 05 81 02 10 06 81 F1 9D 92 EE 12
12 38 00 C1 01 C0 02 01 47 01 10 00 81 01 00 01 01 10 01 21 01 00 00 01 10 0D 25 02 00 37 25 01 10 02 22 04 00 A9 01 00 00 01 10 05 81 02 00 67 11 01 10 06 81 01 00 01 DA BC 42 B1 12
12 16 00 AE 00 C0 01 03 01 07 10 11 00 82 40 42 0F 00 02 10 00 81 C5 6A E2 0B 12
12 1B 00 5C 01 C0 03 01 01 08 10 11 01 82 20 DB DE 0A 00 00 00 01 10 00 81 01 00 01 A9 82 BE 65 12
12 16 00 AE 00 C0 01 03 01 07 10 11 00 82 40 42 0F 00 02 10 00 81 C5 6A E2 0B 12
12 1B 00 5C 01 C0 03 01 01 08 10 11 01 82 20 DB DE 0A 00 00 00 01 10 00 81 01 00 01 A9 82 BE 65 12
12 21 00 53 01 C0 01 02 4E 02 10 00 81 02 10 01 21 02 10 0D 25 02 10 02 22 02 10 05 81 02 10 06 81 04 88 88 E2 12
12 38 00 C1 01 C0 02 01 4E 01 10 00 81 01 00 01 01 10 01 21 01 00 00 01 10 0D 25 02 00 32 25 01 10 02 22 04 00 AA 01 00 00 01 10 05 81 02 00 67 11 01 10 06 81 01 00 01 0A C6 96 16 12
12 16 00 AE 00 C0 01 03 01 07 10 11 00 82 40 42 0F 00 02 10 00 81 C5 6A E2 0B 12
12 1B 00 5C 01 C0 03 01 01 08 10 11 01 82 20 DB DE 0A 00 00 00 01 10 00 81 01 00 01 A9 82 BE 65 12
12 21 00 53 01 C0 01 02 55 02 10 00 81 02 10 01 21 02 10 0D 25 02 10 02 22 02 10 05 81 02 10 06 81 1B B6 A6 F6 12
12 38 00 C1 01 C0 02 01 55 01 10 00 81 01 00 01 01 10 01 21 01 00 00 01 10 0D 25 02 00 2D 25 01 10 02 22 04 00 AA 01 00 00 01 10 05 81 02 00 67 11 01 10 06 81 01 00 01 D4 69 65 45 12
12 16 00 AE 00 C0 01 03 01 07 10 11 00 82 40 42 0F 00 02 10 00 81 C5 6A E2 0B 12
12 1B 00 5C 01 C0 03 01 01 08 10 11 01 82 20 DB DE 0A 00 00 00 01 10 00 81 01 00 01 A9 82 BE 65 12
12 21 00 53 01 C0 01 02 5C 02 10 00 81 02 10 01 21 02 10 0D 25 02 10 02 22 02 10 05 81 02 10 06 81 EE A3 BC FA 12
12 38 00 C1 01 C0 02 01 5C 01 10 00 81 01 00 01 01 10 01 21 01 00 00 01 10 0D 25 02 00 28 25 01 10 02 22 04 00 A3 01 00 00 01 10 05 81 02 00 67 11 01 10 06 81 01 00 01 70 08 A4 9F 12
12 16 00 AE 00 C0 01 03 01 07 10 11 00 82 40 42 0F 00 02 10 00 81 C5 6A E2 0B 12
12 1B 00 5C 01 C0 03 01 01 08 10 11 01 82 20 DB DE 0A 00 00 00 01 10 00 81 01 00 01 A9 82 BE 65 12
12 21 00 53 01 C0 01 02 63 02 10 00 81 02 10 01 21 02 10 0D 25 02 10 02 22 02 10 05 81 02 10 06 81 25 CA FA DE 12
12 38 00 C1 01 C0 02 01 63 01 10 00 81 25 FC 16 00 AE 00 C0 01 03 02 06 10 11 00 02 00 42 0F 00 02 10 00 80 45 68 E0 05 10 10 06 81 01 00 01 3E 4D 49 A3 12
12 21 00 53 01 C0 01 02 66 02 10 00 81 02 10 01 21 02 10 0D 25 02 10 02 22 02 10 05 81 02 10 06 81 4C C3 98 D9 12
12 38 00 C1 01 C0 02 01 66 01 10 00 81 01 00 01 01 10 01 21 01 00 00 01 10 0D 25 02 00 23 25 01 10 02 22 04 00 A9 01 00 00 01 10 05 81 02 00 67 11 01 10 06 81 01 00 01 92 DB DE 3F 68 12
12 16 00 AE 00 C0 01 03 01 07 10 11 00 82 40 42 0F 00 02 10 00 81 C5 6A E2 0B 12
12 1B 00 5C 01 C0 03 01 01 08 10 11 01 82 20 DB DE 0A 00 00 00 01 10 00 81 01 00 01 A9 82 BE 65 12
12 21 00 53 01 C0 01 02 6B 02 10 00 81 02 10 01 21 02 10 0D 25 02 10 02 22 02 10 05 81 02 10 06 81 CD 22 55 D3 12
12 38 00 C1 01 C0 02 01 6B 01 10 00 81 01 00 01 01 10 01 21 01 00 00 01 10 0D 25 02 00 1E 25 01 10 02 22 04 00 A7 01 00 00 01 10 05 81 02 00 67 11 01 10 06 81 01 00 01 78 60 18 2E 12
12 16 00 AE 00 C0 01 03 01 07 10 11 00 82 40 42 0F 00 02 10 00 81 C5 6A E2 0B 12
12 1B 00 5C 01 C0 03 01 01 08 10 11 01 82 20 DB DE 0A 00 00 00 01 10 00 81 01 00 01 A9 82 BE 65 12
12 21 00 53 01 C0 01 02 72 02 10 00 81 02 10 01 21 02 10 0D 25 02 10 02 22 02 10 05 81 02 10 06 81 E8 E6 10 C4 12
12 38 00 C1 01 C0 02 01 72 01 10 00 81 01 00 01 01 10 01 21 01 00 00 01 10 0D 25 02 00 19 25 01 10 02 22 04 00 A6 01 00 00 01 10 05 81 02 00 67 11 01 10 06 81 01 00 01 99 EB 9C 4D 12
12 16 00 AE 00 C0 01 03 01 07 10 11 00 82 40 42 0F 00 02 10 00 81 C5 6A E2 0B 12
12 1B 00 5C 01 C0 03 01 01 08 10 11 01 82 20 DB DE 0A 00 00 00 01 10 00 81 01 00 01 A9 82 BE 65 12
12 21 00 53 01 C0 01 02 79 02 10 00 81 02 10 01 21 02 10 0D 25 02 10 02 22 02 10 05 81 02 10 06 81 27 09 61 CB 12
12 38 00 C1 01 C0 02 01 79 01 10 00 81 01 00 01 01 10 01 21 01 00 00 01 10 0D 25 02 00 14 25 01 10 02 22 04 00 A9 01 00 00 01 10 05 81 02 00 67 11 01 10 06 81 01 00 01 1C 8E 60 B3 12
12 21 00 53 01 C0 01 02 7C 02 10 00 81 02 10 01 21 02 10 0D 25 02 10 02 22 02 10 05 81 02 10 06 81 4E 00 03 CC 12
12 16 00 AE 00 C0 01 03 01 07 10 11 00 82 40 42 0F 00 02 10 00 81 C5 6A E2 0B 12
12 1B 00 5C 01 C0 03 01 01 08 10 11 01 82 20 DB DE 0A 00 00 00 01 10 00 81 01 00 01 A9 82 BE 65 12
12 21 00 53 01 C0 01 02 81 02 10 00 81 02 10 01 21 02 10 0D 25 02 10 02 22 02 10 05 81 02 10 06 81 7F 5A AF 5C 12
12 16 00 AE 00 C0 01 03 01 07 10 11 00 82 40 42 0F 00 02 10 00 81 C5 6A E2 0B 12
12 1B 00 5C 01 C0 03 01 01 08 10 11 01 82 20 DB DE 0A 00 00 00 01 10 00 81 01 00 01 A9 82 BE 65 12
12 21 00 53 01 C0 01 02 84 02 10 00 81 02 10 01 21 02 10 0D 25 02 10 02 22 02 10 05 81 02 10 06 81 16 53 CD 5B 12
12 38 00 C1 01 C0 02 01 84 01 10 00 81 01 00 01 01 10 01 21 01 00 00 01 10 0D 25 02 00 0F 25 01 10 02 22 04 00 A6 01 00 00 01 10 05 81 02 00 67 11 01 10 06 81 01 00 01 DE 31 96 21 12
12 16 00 AE 00 C0 01 03 01 07 10 11 00 82 40 42 0F 00 02 10 00 81 C5 6A E2 0B 12
12 1B 00 5C 01 C0 03 01 01 08 10 11 01 82 20 DB DE 0A 00 00 00 01 10 00 81 01 00 01 A9 82 BE 65 12
12 21 00 53 01 C0 01 02 89 02 10 00 81 02 10 01 21 02 10 0D 25 02 10 02 22 02 10 05 81 02 10 06 81 97 B2 00 51 12
12 38 00 C1 01 C0 02 01 89 01 10 00 81 01 00 01 01 10 01 21 01 00 00 01 10 0D 25 02 00 0A 25 01 10 02 22 04 00 A5 01 00 00 01 10 05 81 02 00 67 11 01 10 06 81 01 00 01 7E F8 85 70 12
12 21 00 53 01 C0 01 02 8C 02 10 00 81 02 10 01 21 02 10 0D 25 02 10 02 22 02 10 05 81 02 10 06 81 FE BB 62 56 12
12 38 00 C1 01 C0 02 01 8C 01 10 00 81 01 00 01 01 10 01 21 01 00 00 01 10 0D 25 02 00 0A 25 01 10 02 22 04 00 A5 01 00 00 01 10 05 81 02 00 67 11 01 10 06 81 01 00 01 D2 A7 F3 BB 12
12 16 00 AE 00 C0 01 03 01 07 10 11 00 82 40 42 0F 00 02 10 00 81 C5 6A E2 0B 12
12 1B 00 5C 01 C0 03 01 01 08 10 11 01 82 20 DB DE 0A 00 00 00 01 10 00 81 01 00 01 A9 82 BE 65 12
12 21 00 53 01 C0 01 02 91 02 10 00 81 02 10 01 21 02 10 0D 25 02 10 02 22 02 10 05 81 02 10 06 81 AF 8B F0 47 12
12 38 00 C1 01 C0 02 01 91 01 10 00 81 01 00 01 01 10 01 21 01 00 00 01 10 0D 25 02 00 05 25 01 10 02 22 04 00 A4 01 00 00 01 10 05 81 02 00 67 11 01 10 06 81 01 00 01 C9 49 32 EC 12
12 21 00 53 01 C0 01 02 94 02 10 00 81 02 10 01 21 02 10 0D 25 02 10 02 22 02 10 05 81 02 10 06 81 C6 82 92 40 12
12 38 00 C1 01 C0 02 01 94 01 10 00 81 01 00 01 01 10 01 21 01 00 00 01 10 0D 25 02 00 05 25 01 10 02 22 04 00 A4 01 00 00 01 10 05 81 02 00 67 11 01 10 06 81 01 00 01 65 16 44 27 12
12 16 00 AE 00 C0 01 03 01 07 10 11 00 82 40 42 0F 00 02 10 00 81 C5 6A E2 0B 12
12 1B 00 5C 01 C0 03 01 01 08 10 11 01 82 20 DB DE 0A 00 00 00 01 10 00 81 01 00 01 A9 82 BE 65 12
12 21 00 53 01 C0 01 02 99 02 10 00 81 02 10 01 21 02 10 0D 25 02 10 02 22 02 10 05 81 02 10 06 81 47 63 5F 4A 12
12 38 00 C1 01 C0 02 01 99 01 10 00 81 01 00 01 01 10 01 21 01 00 00 01 10 0D 25 02 00 00 25 01 10 02 22 04 00 A8 01 00 00 01 10 05 81 02 00 67 11 01 10 06 81 01 00 01 0B 49 C8 35 12
12 16 00 AE 00 C0 01 03 01 07 10 11 00 82 40 42 0F 00 02 10 00 81 C5 6A E2 0B 12
12 1B 00 5C 01 C0 03 01 01 08 10 11 01 82 20 DB DE 0A 00 00 00 01 10 00 81 01 00 01 A9 82 BE 65 12
12 16 00 AE 00 C0 01 03 01 07 10 11 00 82 40 42 0F 00 02 10 00 81 C5 6A E2 0B 12
12 21 00 53 01 C0 01 02 A0 02 10 00 81 02 10 01 21 02 10 0D 25 02 10 02 22 02 10 05 81 02 10 06 81 C2 04 A5 6B 12
12 38 00 C1 01 C0 02 01 A0 01 10 00 81 01 00 01 01 10 01 21 01 00 00 01 10 0D 25 02 00 FB 24 01 10 02 22 04 00 A7 01 00 00 01 10 05 81 02 00 67 11 01 10 06 81 01 00 01 21 4B 1E 83 12
12 16 00 AE 00 C0 01 03 01 07 10 11 00 82 40 42 0F 00 02 10 00 81 C5 6A E2 0B 12
12 1B 00 5C 01 C0 03 01 01 08 10 11 01 82 20 DB DE 0A 00 00 00 01 10 00 81 01 00 01 A9 82 BE 65 12
12 21 00 53 01 C0 01 02 A7 02 10 00 81 02 10 01 21 02 10 0D 25 02 10 02 22 02 10 05 81 02 10 06 81 91 F7 AC 6F 12
12 38 00 C1 01 C0 02 01 A7 01 10 00 81 01 00 01 01 10 01 21 01 00 00 01 10 0D 25 02 00 F6 24 01 10 02 22 04 00 A3 01 00 00 01 10 05 81 02 00 67 11 01 10 06 81 01 00 01 59 66 2C 17 12
12 16 00 AE 00 C0 01 03 01 07 10 11 00 82 40 42 0F 00 02 10 00 81 C5 6A E2 0B 12
12 1B 00 5C 01 C0 03 01 01 08 10 11 01 82 20 DB DE 0A 00 00 00 01 10 00 81 01 00 01 A9 82 BE 65 12
12 21 00 53 01 C0 01 02 AE 02 10 00 81 02 10 01 21 02 10 0D 25 02 10 02 22 02 10 05 81 02 10 06 81 64 E2 B6 63 12
12 38 00 C1 01 C0 02 01 AE 01 10 00 81 01 00 01 01 10 01 21 01 00 00 01 10 0D 25 02 00 F1 24 01 10 02 22 04 00 A7 01 00 00 01 10 05 81 02 00 67 11 01 10 06 81 01 00 01 40 A1 DE 27 12
12 16 00 AE 00 C0 01 03 01 07 10 11 00 82 40 42 0F 00 02 10 00 81 C5 6A E2 0B 12
12 1B 00 5C 01 C0 03 01 01 08 10 11 01 82 20 DB DE 0A 00 00 00 01 10 00 81 01 00 01 A9 82 BE 65 12
12 21 00 53 01 C0 01 02 B5 02 10 00 81 02 10 01 21 02 10 0D 25 02 10 02 22 02 10 05 81 02 10 06 81 7B DC 98 77 12
12 38 00 C1 01 C0 02 01 B5 01 10 00 81 01 00 01 01 10 01 21 01 00 00 01 10 0D 25 02 00 EC 24 01 10 02 22 04 00 A5 01 00 00 01 10 05 81 02 00 67 11 01 10 06 81 01 00 01 ED 3E 81 DD 12
12 16 00 AE 00 C0 01 03 01 07 10 11 00 82 40 42 0F 00 02 10 00 81 C5 6A E2 0B 12
12 1B 00 5C 01 C0 03 01 01 08 10 11 01 82 20 DB DE 0A 00 00 00 01 10 00 81 01 00 01 A9 82 BE 65 12
12 16 00 AE 00 C0 01 03 01 07 10 11 00 82 40 42 0F 00 02 10 00 81 C5 6A E2 0B 12
12 1B 00 5C 01 C0 03 01 01 08 10 11 01 82 20 DB DE 0A 00 00 00 01 10 00 81 01 00 01 A9 82 BE 65 12
12 21 00 53 01 C0 01 02 BC 02 10 00 81 02 10 01 21 02 10 0D 25 02 10 02 22 02 10 05 81 02 10 06 81 8E C9 82 7B 12
12 38 00 C1 01 C0 02 01 BC 01 10 00 81 01 00 01 01 10 01 21 01 00 00 01 10 0D 25 02 00 E7 24 01 10 02 22 04 00 24 F8 21 00 51 01 C0 00 02 9F 00 10 00 81 02 00 01 20 07 10 0D 25 02 10 02 22 02 10 05 81 02 10 06 81 A9 CE 5C 79 12
12 21 00 53 01 C0 01 02 C1 02 10 00 81 02 10 01 21 02 10 0D 25 02 10 02 22 02 10 05 81 02 10 06 81 3F 1D D0 31 12
12 38 00 C1 01 C0 02 01 C1 01 10 00 81 01 00 01 01 10 01 21 01 00 00 01 10 0D 25 02 00 E2 24 01 10 02 22 04 00 A5 01 00 00 01 10 05 81 02 00 67 11 01 10 06 81 01 00 01 5F 46 1A 8F 12
12 16 00 AE 00 C0 01 03 01 07 10 11 00 82 40 42 0F 00 02 10 00 81 C5 6A E2 0B 12
12 1B 00 5C 01 C0 03 01 01 08 10 11 01 82 20 DB DE 0A 00 00 00 01 10 00 81 01 00 01 A9 82 BE 65 12
12 21 00 53 01 C0 01 02 C5 02 10 00 81 02 10 01 21 02 10 0D 25 02 10 02 22 02 10 05 81 02 10 06 81 4B E9 07 37 12
12 38 00 C1 01 C0 02 01 C5 01 10 00 81 01 00 01 01 10 01 21 01 00 00 01 10 0D 25 02 00 E2 24 01 10 02 22 04 00 A5 01 00 00 01 10 05 81 02 00 67 11 01 10 06 81 01 00 01 2F F5 DD 79 12
12 21 00 53 01 C0 01 02 C8 02 10 00 81 02 10 01 21 02 10 0D 25 02 10 02 22 02 10 05 81 02 10 06 81 CA 08 CA 3D 12
12 38 00 C1 01 C0 02 01 C8 01 10 00 81 01 00 01 01 10 01 21 01 00 00 01 10 0D 25 02 00 E2 24 01 10 02 22 04 00 A5 01 00 00 01 10 05 81 02 00 67 11 01 10 06 81 01 00 01 22 CA 55 84 12
12 16 00 AE 00 C0 01 03 01 07 10 11 00 82 40 42 0F 00 02 10 00 81 C5 6A E2 0B 12
12 1B 00 5C 01 C0 03 01 01 08 10 11 01 82 20 DB DE 0A 00 00 00 01 10 00 81 01 00 01 A9 82 BE 65 12
12 21 00 53 01 C0 01 02 CD 02 10 00 81 02 10 01 21 02 10 0D 25 02 10 02 22 02 10 05 81 02 10 06 81 A3 01 A8 3A 12
12 38 00 C1 01 C0 02 01 CD 01 10 00 81 01 00 01 01 10 01 21 01 00 00 01 10 0D 25 02 00 DD 24 01 10 02 22 04 00 A0 01 00 00 01 10 05 81 02 00 67 11 01 10 06 81 01 00 01 C7 75 63 83 12
12 16 00 AE 00 C0 01 03 01 07 10 11 00 82 40 42 0F 00 02 10 00 81 C5 6A E2 0B 12
12 1B 00 5C 01 C0 03 01 01 08 10 11 01 82 20 DB DE 0A 00 00 00 01 10 00 81 01 00 01 A9 82 BE 65 12
12 21 00 53 01 C0 01 02 D4 02 10 00 81 02 10 01 21 02 10 0D 25 02 10 02 22 02 10 05 81 02 10 06 81 86 C5 ED 2D 12
12 38 00 C1 01 C0 02 01 D4 01 10 00 81 01 00 01 01 10 01 21 01 00 00 01 10 0D 25 02 00 D8 24 01 10 02 22 04 00 A6 01 00 00 01 10 05 81 02 00 67 11 01 10 06 81 01 00 01 EF 43 C1 77 12
12 16 00 AE 00 C0 01 03 01 07 10 11 00 82 40 42 0F 00 02 10 00 81 C5 6A E2 0B 12
12 1B 00 5C 01 C0 03 01 01 08 10 11 01 82 20 DB DE 0A 00 00 00 01 10 00 81 01 00 01 A9 82 BE 65 12
12 16 00 AE 00 C0 01 03 01 07 10 11 00 82 40 42 0F 00 02 10 00 81 C5 6A E2 0B 12
12 1B 00 5C 01 C0 03 01 01 08 10 11 01 82 20 DB DE 0A 00 00 00 01 10 00 81 01 00 01 A9 82 BE 65 12
12 21 00 53 01 C0 01 02 DC 02 10 00 81 02 10 01 21 02 10 0D 25 02 10 02 22 02 10 05 81 02 10 06 81 6E 2D 42 20 12
12 38 00 C1 01 C0 02 01 DC 01 10 00 81 01 00 01 01 10 01 21 01 00 00 01 10 0D 25 02 00 D3 24 01 10 02 22 04 00 9F 01 00 00 01 10 05 81 02 00 67 11 01 10 06 81 01 00 01 C4 08 AC DB DD 12
12 21 00 53 01 C0 01 02 DF 02 10 00 81 02 10 01 21 02 10 0D 25 02 10 02 22 02 10 05 81 02 10 06 81 49 2A 9C 22 12
12 38 00 C1 01 C0 02 01 DF 01 10 00 81 01 00 01 01 10 01 21 01 00 00 01 10 0D 25 02 00 D3 24 01 10 02 22 04 00 9F 01 00 00 01 10 05 81 02 00 67 11 01 10 06 81 01 00 01 A0 3D 7E 9D 12
12 16 00 AE 00 C0 01 03 01 07 10 11 00 82 40 42 0F 00 02 10 00 81 C5 6A E2 0B 12
12 1B 00 5C 01 C0 03 01 01 08 10 11 01 82 20 DB DE 0A 00 00 00 01 10 00 81 01 00 01 A9 82 BE 65 12
12 21 00 53 01 C0 01 02 E4 02 10 00 81 02 10 01 21 02 10 0D 25 02 10 02 22 02 10 05 81 02 10 06 81 F6 B7 0D 00 12
12 38 00 C1 01 C0 02 01 E4 01 10 00 81 01 00 01 01 10 01 21 01 00 00 01 10 0D 25 02 00 CE 24 01 10 02 22 04 00 A5 01 00 00 01 10 05 81 02 00 67 11 01 10 06 81 01 00 01 DB DE 70 BF 80 12
12 21 00 53 01 C0 01 02 E7 02 10 00 81 02 10 01 21 02 10 0D 25 02 10 02 22 02 10 05 81 02 10 06 81 D1 B0 D3 02 12
12 38 00 C1 01 C0 02 01 E7 01 10 00 81 01 00 01 01 10 01 21 01 00 00 01 10 0D 25 02 00 CE 24 01 10 02 22 04 00 A5 01 00 00 01 10 05 81 02 00 67 11 01 10 06 81 01 00 01 76 45 6D C6 12
12 16 00 AE 00 C0 01 03 01 07 10 11 00 82 40 42 0F 00 02 10 00 81 C5 6A E2 0B 12
12 1B 00 5C 01 C0 03 01 01 08 10 11 01 82 20 DB DE 0A 00 00 00 01 10 00 81 01 00 01 A9 82 BE 65 12
12 21 00 53 01 C0 01 02 EC 02 10 00 81 02 10 01 21 02 10 0D 25 02 10 02 22 02 10 05 81 02 10 06 81 1E 5F A2 0D 12
12 38 00 C1 01 C0 02 01 EC 01 10 00 81 01 00 01 01 10 01 21 01 00 00 01 10 0D 25 02 00 C9 24 01 10 02 22 04 00 A6 01 00 00 01 10 05 81 02 00 67 11 01 10 06 81 01 00 01 9C D0 C2 C7 12
12 21 00 53 01 C0 01 02 EF 02 10 00 81 02 10 01 21 02 10 0D 25 02 10 02 22 02 10 05 81 02 10 06 81 39 58 7C 0F 12
12 38 00 C1 01 C0 02 01 EF 01 10 00 81 01 00 01 01 10 01 21 01 00 00 01 10 0D 25 02 00 C9 24 01 10 02 22 04 00 A6 01 00 00 01 10 05 81 02 00 67 11 01 10 06 81 01 00 01 F8 E5 10 81 12
12 16 00 AE 00 C0 01 03 01 07 10 11 00 82 40 42 0F 00 02 10 00 81 C5 6A E2 0B 12
12 1B 00 5C 01 C0 03 01 01 08 10 11 01 82 20 DB DE 0A 00 00 00 01 10 00 81 01 00 01 A9 82 BE 65 12
12 21 00 53 01 C0 01 02 F4 02 10 00 81 02 10 01 21 02 10 0D 25 02 10 02 22 02 10 05 81 02 10 06 81 26 66 52 1B 12
12 38 00 C1 01 C0 02 01 F4 01 10 00 81 01 00 01 01 10 01 21 01 00 00 01 10 0D 25 02 00 C4 24 01 10 02 22 04 00 9E 01 00 00 01 10 05 81 02 00 67 11 01 10 06 81 01 00 01 6A 87 E8 6D 12
12 16 00 AE 00 C0 01 03 01 07 10 11 00 82 40 42 0F 00 02 10 00 81 C5 6A E2 0B 12
12 1B 00 5C 01 C0 03 01 01 08 10 11 01 82 20 DB DE 0A 00 00 00 01 10 00 81 01 00 01 A9 82 BE 65 12
12 16 00 AE 00 C0 01 03 01 07 10 11 00 82 40 42 0F 00 02 10 00 81 C5 6A E2 0B 12
12 1B 00 5C 01 C0 03 01 01 08 10 11 01 82 20 DB DE 0A 00 00 00 01 10 00 81 01 00 01 A9 82 BE 65 12
12 21 00 53 01 C0 01 02 FB 02 10 00 81 02 10 01 21 02 10 0D 25 02 10 02 22 02 10 05 81 02 10 06 81 9D 7D F4 DB DE 12
12 38 00 C1 01 C0 02 01 FB 01 10 00 81 01 00 01 01 10 01 21 01 00 00 01 10 0D 25 02 00 BF 24 01 10 02 22 04 00 9E 01 00 00 01 10 05 81 02 00 67 11 01 10 06 81 01 00 01 7C CC 2B DA 12
12 21 00 53 01 C0 01 02 FE 02 10 00 81 02 10 01 21 02 10 0D 25 02 10 02 22 02 10 05 81 02 10 06 81 F4 74 96 15 12
12 38 00 C1 01 C0 02 01 FE 01 10 00 81 01 00 01 01 10 01 21 01 00 00 01 10 0D 25 02 00 BF 24 01 10 02 22 04 00 9E 01 00 00 01 10 05 81 02 00 67 11 01 10 06 81 01 00 01 D0 93 5D 11 12
12 16 00 AE 00 C0 01 03 01 07 10 11 00 82 40 42 0F 00 02 10 00 81 C5 6A E2 0B 12
12 1B 00 5C 01 C0 03 01 01 08 10 11 01 82 20 DB DE 0A 00 00 00 01 10 00 81 01 00 01 A9 82 BE 65 12
12 21 00 53 01 C0 01 02 04 02 10 00 81 02 10 01 21 02 10 0D 25 02 10 02 22 02 10 05 81 02 10 06 81 96 DD 33 81 12
12 38 00 C1 01 C0 02 01 04 01 10 00 81 01 00 01 01 10 01 21 01 00 00 01 10 0D 25 02 00 BA 24 01 10 02 22 04 00 9F 01 00 00 01 10 05 81 02 00 67 11 01 10 06 81 01 00 01 88 9C 6C 87 12
12 16 00 AE 00 C0 01 03 01 07 10 11 00 82 40 42 0F 00 02 10 00 81 C5 6A E2 0B 12
12 1B 00 5C 01 C0 03 01 01 08 10 11 01 82 20 DB DE 0A 00 00 00 01 10 00 81 01 00 01 A9 82 BE 65 12
12 21 00 53 01 C0 01 02 0B 02 10 00 81 02 10 01 21 02 10 0D 25 02 10 02 22 02 10 05 81 02 10 06 81 2D C6 95 88 12
12 38 00 C1 01 C0 02 01 0B 01 10 00 81 01 00 01 01 10 01 21 01 00 00 01 10 0D 25 02 00 B5 24 01 10 02 22 04 00 A3 01 00 00 01 10 05 81 02 00 67 11 01 10 06 81 01 00 01 48 B7 DF C4 12
12 16 00 AE 00 C0 01 03 01 07 10 11 00 82 40 42 0F 00 02 10 00 81 C5 6A E2 0B 12
12 1B 00 5C 01 C0 03 01 01 08 10 11 01 82 20 DB DE 0A 00 00 00 01 10 00 81 01 00 01 A9 82 BE 65 12
12 21 00 53 01 C0 01 02 02 10 00 81 02 10 01 21 02 10 0D 25 02 10 02 22 02 10 05 81 02 10 06 81 08 02 D0 9F 12
12 38 00 C1 01 C0 02 01 01 10 00 81 01 00 01 01 10 01 21 01 00 00 01 10 0D 25 02 00 B0 24 01 10 02 22 04 00 A0 01 00 00 01 10 05 81 02 00 67 11 01 10 06 81 01 00 01 DA 0C F7 0E 12
12 16 00 AE 00 C0 01 03 01 07 10 11 00 82 40 42 0F 00 02 10 00 81 C5 6A E2 0B 12
12 1B 00 5C 01 C0 03 01 01 08 10 11 01 82 20 DB DE 0A 00 00 00 01 10 00 81 01 00 01 A9 82 BE 65 12
12 16 00 AE 00 C0 01 03 01 07 10 11 00 82 40 42 0F 00 02 10 00 81 C5 6A E2 0B 12
12 1B 00 5C 01 C0 03 01 01 08 10 11 01 82 20 DB DE 0A 00 00 00 01 10 00 81 01 00 01 A9 82 BE 65 12
12 21 00 53 01 C0 01 02 19 02 10 00 81 02 10 01 21 02 10 0D 25 02 10 02 22 02 10 05 81 02 10 06 81 C7 ED A1 90 12
12 38 00 C1 01 C0 02 01 19 01 10 00 81 01 00 01 01 10 01 21 01 00 00 01 10 0D 25 02 00 AB 24 01 10 02 22 04 00 A5 01 00 00 01 10 05 81 02 00 67 11 01 10 06 81 01 00 01 B9 84 33 6F 12
12 21 00 53 01 C0 01 02 1C 02 10 00 81 02 10 01 21 02 10 0D 25 02 10 02 22 02 10 05 81 02 10 06 81 AE E4 C3 97 12
12 38 00 C1 01 C0 02 01 1C 01 10 00 81 01 00 01 01 10 01 21 01 00 00 01 10 0D 25 02 00 A6 24 01 10 02 22 04 00 A2 01 00 00 01 10 05 81 02 00 67 11 01 10 06 81 01 00 01 D0 F6 34 23 12
12 16 00 AE 00 C0 01 03 01 07 10 11 00 82 40 42 0F 00 02 10 00 81 C5 6A E2 0B 12
12 1B 00 5C 01 C0 03 01 01 08 10 11 01 82 20 DB DE 0A 00 00 00 01 10 00 81 01 00 01 A9 82 BE 65 12
12 21 00 53 01 C0 01 02 21 02 10 00 81 02 10 01 21 02 10 0D 25 02 10 02 22 02 10 05 81 02 10 06 81 5F 77 EE B0 12
12 38 00 C1 01 C0 02 01 21 01 10 00 81 01 00 01 01 10 01 21 01 00 00 01 10 0D 25 02 00 A6 24 01 10 02 22 04 00 A2 01 00 00 01 10 05 81 02 00 67 11 01 10 06 81 01 00 01 1B 8A B9 68 12
12 16 00 AE 00 C0 01 03 01 07 10 11 00 82 40 42 0F 00 02 10 00 81 C5 6A E2 0B 12
12 1B 00 5C 01 C0 03 01 01 08 10 11 01 82 20 DB DE 0A 00 00 00 01 10 00 81 01 00 01 A9 82 BE 65 12
12 21 00 53 01 C0 01 02 28 02 10 00 81 02 10 01 21 02 10 0D 25 02 10 02 22 02 10 05 81 02 10 06 81 AA 62 F4 BC 12
12 38 00 C1 01 C0 02 01 28 01 10 00 81 01 00 01 01 10 01 21 01 00 00 01 10 0D 25 02 00 A1 24 01 10 02 22 04 00 9D 01 00 00 01 10 05 81 02 00 67 11 01 10 06 81 01 00 01 30 9B 7A C7 12
12 16 00 AE 00 C0 01 03 01 07 10 11 00 82 40 42 0F 00 02 10 00 81 C5 6A E2 0B 12
12 1B 00 5C 01 C0 03 01 01 08 10 11 01 82 20 DB DE 0A 00 00 00 01 10 00 81 01 00 01 A9 82 BE 65 12
12 21 00 53 01 C0 01 02 2F 02 10 00 81 02 10 01 21 02 10 0D 25 02 10 02 22 02 10 05 81 02 10 06 81 F9 91 FD B8 12
12 38 00 C1 01 C0 02 01 2F 01 10 00 81 01 00 01 01 10 01 21 01 00 00 01 10 0D 25 02 00 9C 24 01 10 02 22 04 00 A2 01 00 00 01 10 05 81 02 00 67 11 01 10 06 81 01 00 01 85 9D E4 2E 12
12 16 00 AE 00 C0 01 03 01 07 10 11 00 82 40 42 0F 00 02 10 00 81 C5 6A E2 0B 12
12 1B 00 5C 01 C0 03 01 01 08 10 11 01 82 20 DB DE 0A 00 00 00 01 10 00 81 01 00 01 A9 82 BE 65 12
12 21 00 53 01 C0 01 02 32 02 10 00 81 02 10 01 21 02 10 0D 25 02 10 02 22 02 10 05 81 02 10 06 81 A8 A1 6F A9 12
12 38 00 C1 01 C0 02 01 32 01 10 00 81 01 00 01 01 10 01 21 01 00 00 01 10 0D 25 02 00 97 24 01 10 02 22 04 00 A1 01 00 00 01 10 05 81 02 00 67 11 01 10 06 81 01 00 01 2A 1E D0 6C 12
12 16 00 AE 00 C0 01 03 01 07 10 11 00 82 40 42 0F 00 02 10 00 81 C5 6A E2 0B 12
12 1B 00 5C 01 C0 03 01 01 08 10 11 01 82 20 DB DE 0A 00 00 00 01 10 00 81 01 00 01 A9 82 BE 65 12
12 21 00 53 01 C0 01 02 37 02 10 00 81 02 10 01 21 02 10 0D 25 02 10 02 22 02 10 05 81 02 10 06 81 C1 A8 0D AE 12
12 38 00 C1 01 C0 02 01 37 01 10 00 81 01 00 01 01 10 01 21 01 00 00 01 10 0D 25 02 00 97 24 01 10 02 22 04 00 A1 01 00 00 01 10 05 81 02 00 67 11 01 10 06 81 01 00 01 86 41 A6 A7 12
12 21 00 53 01 C0 01 02 3A 02 10 00 81 02 10 01 21 02 10 0D 25 02 10 02 22 02 10 05 81 02 10 06 81 40 49 C0 A4 12
12 38 00 C1 01 C0 02 01 3A 01 10 00 81 01 00 01 01 10 01 21 01 00 00 01 10 0D 25 02 00 92 24 01 10 02 22 04 00 9B 01 00 00 01 10 05 81 02 00 67 11 01 10 06 81 01 00 01 E5 58 30 1D 12
12 16 00 AE 00 C0 01 03 01 07 10 11 00 82 40 42 0F 00 02 10 00 81 C5 6A E2 0B 12
12 1B 00 5C 01 C0 03 01 01 08 10 11 01 82 20 DB DE 0A 00 00 00 01 10 00 81 01 00 01 A9 82 BE 65 12
12 21 00 53 01 C0 01 02 3F 02 10 00 81 02 10 01 21 02 10 0D 25 02 10 02 22 02 10 05 81 02 10 06 81 29 40 A2 A3 12
12 38 00 C1 01 C0 02 01 3F 01 10 00 81 01 00 01 01 10 01 21 01 00 00 01 10 0D 25 02 00 92 24 01 10 02 22 04 00 9B 01 00 00 01 10 05 81 02 00 67 11 01 10 06 81 01 00 01 49 07 46 D6 12
12 16 00 AE 00 C0 01 03 01 07 10 11 00 82 40 42 0F 00 02 10 00 81 C5 6A E2 0B 12
12 1B 00 5C 01 C0 03 01 01 08 10 11 01 82 20 DB DE 0A 00 00 00 01 10 00 81 01 00 01 A9 82 BE 65 12
12 21 00 53 01 C0 01 02 46 02 10 00 81 02 10 01 21 02 10 0D 25 02 10 02 22 02 10 05 81 02 10 06 81 EC 60 27 EF 12
12 38 00 C1 01 C0 02 01 46 01 10 00 81 01 00 01 01 10 01 21 01 00 00 01 10 0D 25 02 00 8D 24 01 10 02 22 04 00 9B 01 00 00 01 10 05 81 02 00 67 11 01 10 06 81 01 00 01 E2 F0 AD 49 12
12 21 00 53 01 C0 01 02 49 02 10 00 81 02 10 01 21 02 10 0D 25 02 10 02 22 02 10 05 81 02 10 06 81 57 7B 81 E6 12
12 38 00 C1 01 C0 02 01 49 01 10 00 81 01 00 01 01 10 01 21 01 00 00 01 10 0D 25 02 00 88 24 01 10 02 22 04 00 A2 01 00 00 01 10 05 81 02 00 67 11 01 10 06 81 01 00 01 90 B6 0E 2B 12
12 16 00 AE 00 C0 01 03 01 07 10 11 00 82 40 42 0F 00 02 10 00 81 C5 6A E2 0B 12
12 1B 00 5C 01 C0 03 01 01 08 10 11 01 82 20 DB DE 0A 00 00 00 01 10 00 81 01 00 01 A9 82 BE 65 12
12 21 00 53 01 C0 01 02 4E 02 10 00 81 02 10 01 21 02 10 0D 25 02 10 02 22 02 10 05 81 02 10 06 81 04 88 88 E2 12
12 38 00 C1 01 C0 02 01 4E 01 10 00 81 01 00 01 01 10 01 21 01 00 00 01 10 0D 25 02 00 88 24 01 10 02 22 04 00 A2 01 00 00 01 10 05 81 02 00 67 11 01 10 06 81 01 00 01 94 16 00 CF 7E C0 01 03 01 07 10 11 00 82 40 42 0F 00 02 10 00 81 C5 6A E2 0B 12
12 21 00 53 01 C0 01 02 51 02 10 00 81 02 10 01 21 02 10 0D 25 02 10 02 22 02 10 05 81 02 10 06 81 6F 42 71 F0 12
12 38 00 C1 01 C0 02 01 51 01 10 00 81 01 00 01 01 10 01 21 01 00 00 01 10 0D 25 02 00 83 24 01 10 02 22 04 00 A1 01 00 00 01 10 05 81 02 00 67 11 01 10 06 81 01 00 01 93 6A 4C A2 12
12 21 00 53 01 C0 01 02 53 02 10 00 81 02 10 01 21 02 10 0D 25 02 10 02 22 02 10 05 81 02 10 06 81 55 B8 1A F3 12
12 38 00 C1 01 C0 02 01 53 01 10 00 81 01 00 01 01 10 01 21 01 00 00 01 10 0D 25 02 00 83 24 01 10 02 22 04 00 A1 01 00 00 01 10 05 81 02 00 67 11 01 10 06 81 01 00 01 2B B3 2F D9 12
12 16 00 AE 00 C0 01 03 01 07 10 11 00 82 40 42 0F 00 02 10 00 81 C5 6A E2 0B 12
12 1B 00 5C 01 C0 03 01 01 08 10 11 01 82 20 DB DE 0A 00 00 00 01 10 00 81 01 00 01 A9 82 BE 65 12
12 21 00 53 01 C0 01 02 57 02 10 00 81 02 10 01 21 02 10 0D 25 02 10 02 22 02 10 05 81 02 10 06 81 21 4C CD F5 12
12 38 00 C1 01 C0 02 01 57 01 10 00 81 01 00 01 01 10 01 21 01 00 00 01 10 0D 25 02 00 83 24 01 10 02 22 04 00 A1 01 00 00 01 10 05 81 02 00 67 11 01 10 06 81 01 00 01 5B 00 E8 2F 12
12 16 00 AE 00 C0 01 03 01 07 10 11 00 82 40 42 0F 00 02 10 00 81 C5 6A E2 0B 12
12 1B 00 5C 01 C0 03 01 01 08 10 11 01 82 20 DB DE 0A 00 00 00 01 10 00 81 01 00 01 A9 82 BE 65 12
12 21 00 53 01 C0 01 02 5E 02 10 00 81 02 10 01 21 02 10 0D 25 02 10 02 22 02 10 05 81 02 10 06 81 D4 59 D7 F9 12
12 38 00 C1 01 C0 02 01 5E 01 10 00 81 01 00 01 01 10 01 21 01 00 00 01 10 0D 25 02 00 7E 24 01 10 02 22 04 00 A2 01 00 00 01 10 05 81 02 00 67 11 01 10 06 81 01 00 01 80 AA B6 94 12
12 16 00 AE 00 C0 01 03 01 07 10 11 00 82 40 42 0F 00 02 10 00 81 C5 6A E2 0B 12
12 1B 00 5C 01 C0 03 01 01 08 10 11 01 82 20 DB DE 0A 00 00 00 01 10 00 81 01 00 01 A9 82 BE 65 12
12 21 00 53 01 C0 01 02 65 02 10 00 81 02 10 01 21 02 10 0D 25 02 10 02 22 02 10 05 81 02 10 06 81 6B C4 46 DB DD 12
12 38 00 C1 01 C0 02 01 65 01 10 00 81 01 00 01 01 10 01 21 01 00 00 01 10 0D 25 02 00 78 24 01 10 02 22 04 00 A2 01 00 00 01 10 05 81 02 00 67 11 01 10 06 81 01 00 01 44 E1 C6 EE 12
12 16 00 AE 00 C0 01 03 01 07 10 11 00 82 40 42 0F 00 02 10 00 81 C5 6A E2 0B 12
12 1B 00 5C 01 C0 03 01 01 08 10 11 01 82 20 DB DE 0A 00 00 00 01 10 00 81 01 00 01 A9 82 BE 65 12
12 21 00 53 01 C0 01 02 6C 02 10 00 81 02 10 01 21 02 10 0D 25 02 10 02 22 02 10 05 81 02 10 06 81 9E D1 5C D7 12
12 38 00 C1 01 C0 02 01 6C 01 10 40 E0 F1 8E 00 80 01 03 01 07 00 01 00 82 40 42 0E 00 00 00 00 81 C5 68 E2 0B 12 B6 2C 10 06 81 01 00 01 A0 4D C6 E2 12
12 21 00 53 01 C0 01 02 6F 02 10 00 81 02 10 01 21 02 10 0D 25 02 10 02 22 02 10 05 81 02 10 06 81 B9 D6 82 D5 12
12 38 00 C1 01 C0 02 01 6F 01 10 00 81 01 00 01 01 10 01 21 01 00 00 01 10 0D 25 02 00 6E 24 01 10 02 22 04 00 9F 01 00 00 01 10 05 81 02 00 67 11 01 10 06 81 01 00 01 EE 73 9B 43 12
12 16 00 AE 00 C0 01 03 01 07 10 11 00 82 40 42 0F 00 02 10 00 81 C5 6A E2 0B 12
12 1B 00 5C 01 C0 03 01 01 08 10 11 01 82 20 DB DE 0A 00 00 00 01 10 00 81 01 00 01 A9 82 BE 65 12
12 21 00 53 01 C0 01 02 74 02 10 00 81 02 10 01 21 02 10 0D 25 02 10 02 22 02 10 05 81 02 10 06 81 A6 E8 AC C1 12
12 38 00 C1 01 C0 02 01 74 01 10 00 81 01 00 01 01 10 01 21 01 00 00 01 10 0D 25 02 00 6E 24 01 10 02 22 04 00 9F 01 00 00 01 10 05 81 02 00 67 11 01 10 06 81 01 00 01 69 E7 4B 5E 12
12 16 00 AE 00 C0 01 03 01 07 10 11 00 82 40 42 0F 00 02 10 00 81 C5 6A E2 0B 12
12 1B 00 5C 01 C0 03 01 01 08 10 11 01 82 20 DB DE 0A 00 00 00 01 10 00 81 01 00 01 A9 82 BE 65 12
12 21 00 53 01 C0 01 02 7B 02 10 00 81 02 10 01 21 02 10 0D 25 02 10 02 22 02 10 05 81 02 10 06 81 1D F3 0A C8 12
12 38 00 C1 01 C0 02 01 7B 01 10 00 81 01 00 01 01 10 01 21 01 00 00 01 10 0D 25 02 00 69 24 01 10 02 22 04 00 99 01 00 00 01 10 05 81 02 00 67 11 01 10 06 81 01 00 01 49 4C A9 97 12
12 21 00 53 01 C0 01 02 7E 02 10 00 81 02 10 01 21 02 10 0D 25 02 10 02 22 02 10 05 81 02 10 06 81 74 FA 68 CF 12
12 38 00 C1 01 C0 02 01 7E 01 10 00 81 01 00 01 01 10 01 21 01 00 00 01 10 0D 25 02 00 64 24 01 10 02 22 04 00 9D 01 00 00 01 10 05 81 02 00 67 11 01 10 06 81 01 00 01 89 B8 F8 78 12
12 16 00 AE 00 C0 01 03 01 07 10 11 00 82 40 42 0F 00 02 10 00 81 C5 6A E2 0B 12
12 1B 00 5C 01 C0 03 01 01 08 10 11 01 82 20 DB DE 0A 00 00 00 01 10 00 81 01 00 01 A9 82 BE 65 12
12 21 00 53 01 C0 01 02 83 02 10 00 81 02 10 01 21 02 10 0D 25 02 10 02 22 02 10 05 81 02 10 06 81 45 A0 C4 5F 12
12 38 00 C1 01 C0 02 01 83 01 10 00 81 01 00 01 01 10 01 21 01 00 00 01 10 0D 25 02 00 64 24 01 10 02 22 04 00 9D 01 00 00 01 10 05 81 02 00 67 11 01 10 06 81 01 00 01 99 C1 F3 86 12
12 16 00 AE 00 C0 01 03 01 07 10 11 00 82 40 42 0F 00 02 10 00 81 C5 6A E2 0B 12
12 1B 00 5C 01 C0 03 01 01 08 10 11 01 82 20 DB DE 0A 00 00 00 01 10 00 81 01 00 01 A9 82 BE 65 12
12 21 00 53 01 C0 01 02 8A 02 10 00 81 02 10 01 21 02 10 0D 25 02 10 02 22 02 10 05 81 02 10 06 81 B0 B5 DE 53 12
12 16 00 AE 00 C0 01 03 01 07 10 11 00 82 40 42 0F 00 02 10 00 81 C5 6A E2 0B 12
12 1B 00 5C 01 C0 03 01 01 08 10 11 01 82 20 DB DE 0A 00 00 00 01 10 00 81 01 00 01 A9 82 BE 65 12
12 21 00 53 01 C0 01 02 8D 02 10 00 81 02 10 01 21 02 10 0D 25 02 10 02 22 02 10 05 81 02 10 06 81 E3 46 D7 57 12
12 38 00 C1 01 C0 02 01 8D 01 10 00 81 01 00 01 01 10 01 21 01 00 00 01 10 0D 25 02 00 5A 24 01 10 02 22 04 00 9C 01 00 00 01 10 05 81 02 00 67 11 01 10 06 81 01 00 01 1A 3D 0D 76 12
12 16 00 AE 00 C0 01 03 01 07 10 11 00 82 40 42 0F 00 02 10 00 81 C5 6A E2 0B 12
12 1B 00 5C 01 C0 03 01 01 08 10 11 01 82 20 DB DE 0A 00 00 00 01 10 00 81 01 00 01 A9 82 BE 65 12
12 21 00 53 01 C0 01 02 92 02 10 00 81 02 10 01 21 02 10 0D 25 02 10 02 22 02 10 05 81 02 10 06 81 88 8C 2E 45 12
12 38 00 C1 01 C0 02 01 92 01 10 00 81 01 00 01 01 10 01 21 01 00 00 01 10 0D 25 02 00 5A 24 01 10 02 22 04 00 9C 01 00 00 01 10 05 81 02 00 67 11 01 10 06 81 01 00 01 ED 1A 1A 9D 12
12 21 00 53 01 C0 01 02 95 02 10 00 81 02 10 01 21 02 10 0D 25 02 10 02 22 02 10 05 81 02 10 06 81 DB DD 7F 27 41 12
12 38 00 C1 01 C0 02 01 95 01 10 00 81 01 00 01 01 10 01 21 01 00 00 01 10 0D 25 02 00 55 24 01 10 02 22 04 00 A0 01 00 00 01 10 05 81 02 00 67 11 01 10 06 81 01 00 01 8C 51 57 E8 12
12 16 00 AE 00 C0 01 03 01 07 10 11 00 82 40 42 0F 00 02 10 00 81 C5 6A E2 0B 12
12 1B 00 5C 01 C0 03 01 01 08 10 11 01 82 20 DB DE 0A 00 00 00 01 10 00 81 01 00 01 A9 82 BE 65 12
12 21 00 53 01 C0 01 02 9A 02 10 00 81 02 10 01 21 02 10 0D 25 02 10 02 22 02 10 05 81 02 10 06 81 60 64 81 48 12
12 38 00 C1 01 C0 02 01 9A 01 10 00 81 01 00 01 01 10 01 21 01 00 00 01 10 0D 25 02 00 55 24 01 10 02 22 04 00 A0 01 00 00 01 10 05 81 02 00 67 11 01 10 06 81 01 00 01 39 B7 BC 6E 12
12 21 00 53 01 C0 01 02 9D 02 10 00 81 02 10 01 21 02 10 0D 25 02 10 02 22 02 10 05 81 02 10 06 81 33 97 88 4C 12
12 38 00 C1 01 C0 02 01 9D 01 10 00 81 01 00 01 01 10 01 21 01 00 00 01 10 0D 25 02 00 50 24 01 10 02 22 04 00 A0 01 00 00 01 10 05 81 02 00 67 11 01 10 06 81 01 00 01 29 41 64 D1 12
12 16 00 AE 00 C0 01 03 01 07 10 11 00 82 40 42 0F 00 02 10 00 81 C5 6A E2 0B 12
12 1B 00 5C 01 C0 03 01 01 08 10 11 01 82 20 DB DE 0A 00 00 00 01 10 00 81 01 00 01 A9 82 BE 65 12
12 21 00 53 01 C0 01 02 A2 02 10 00 81 02 10 01 21 02 10 0D 25 02 10 02 22 02 10 05 81 02 10 06 81 F8 FE CE 68 12
12 38 00 C1 01 C0 02 01 A2 01 10 00 81 01 00 01 01 10 01 21 01 00 00 01 10 0D 25 02 00 50 24 01 10 02 22 04 00 A0 01 00 00 01 10 05 81 02 00 67 11 01 10 06 81 01 00 01 5A E4 8A E1 12
12 16 00 AE 00 C0 01 03 01 07 10 11 00 82 40 42 0F 00 02 10 00 81 C5 6A E2 0B 12
12 21 00 53 01 C0 01 02 A5 02 10 00 81 02 10 01 21 02 10 0D 25 02 10 02 22 02 10 05 81 02 10 06 81 AB 0D C7 6C 12
12 38 00 C1 01 C0 02 01 A5 01 10 00 81 01 00 01 01 10 01 21 01 00 00 01 10 0D 25 02 00 4B 24 01 10 02 22 04 00 A0 01 00 00 01 10 05 81 02 00 67 11 01 10 06 81 01 00 01 52 32 FD 7E 12
12 16 00 AE 00 C0 01 03 01 07 10 11 00 82 40 42 0F 00 02 10 00 81 C5 6A E2 0B 12
12 21 00 53 01 C0 01 02 AA 02 10 00 81 02 10 01 21 02 10 0D 25 02 10 02 22 02 10 05 81 02 10 06 81 10 16 61 65 12
12 38 00 C1 01 C0 02 01 AA 01 10 00 81 01 00 01 01 10 01 21 01 00 00 01 10 0D 25 02 00 4B 24 01 10 02 22 04 00 A0 01 00 00 01 10 05 81 02 00 67 11 01 10 06 81 01 00 01 E7 D4 16 F8 12
12 16 00 AE 00 C0 01 03 01 07 10 11 00 82 40 42 0F 00 02 10 00 81 C5 6A E2 0B 12
12 1B 00 5C 01 C0 03 01 01 08 10 11 01 82 20 DB DE 0A 00 00 00 01 10 00 81 01 00 01 A9 82 BE 65 12
12 21 00 53 01 C0 01 02 B1 02 10 00 81 02 10 01 21 02 10 0D 25 02 10 02 22 02 10 05 81 02 10 06 81 0F 28 4F 71 12
12 38 00 C1 01 C0 02 01 B1 01 10 00 81 01 00 01 01 10 01 21 01 00 00 01 10 0D 25 02 00 46 24 01 10 02 22 04 00 9D 01 00 00 01 10 05 81 02 00 67 11 01 10 06 81 01 00 01 CF 3B 64 2A 12
12 16 00 AE 00 C0 01 03 01 07 10 11 00 82 40 42 0F 00 02 10 00 81 C5 6A E2 0B 12
12 1B 00 5C 01 C0 03 01 01 08 10 11 01 82 20 DB DE 0A 00 00 00 01 10 00 81 01 00 01 A9 82 BE 65 12
12 21 00 53 01 C0 01 02 B8 02 10 00 81 02 10 01 21 02 10 0D 25 02 10 02 22 02 10 05 81 02 10 06 81 FA 3D 55 7D 12
12 38 00 C1 01 C0 02 01 B8 01 10 00 81 01 00 01 01 10 01 21 01 00 00 01 10 0D 25 02 00 41 24 01 10 02 22 04 00 99 01 00 00 01 10 05 81 02 00 67 11 01 10 06 81 01 00 01 D6 FC 96 1A 12
12 16 00 AE 00 C0 01 03 01 07 10 11 00 82 40 42 0F 00 02 10 00 81 C5 6A E2 0B 12
12 1B 00 5C 01 C0 03 01 01 08 10 11 01 82 20 DB DE 0A 00 00 00 01 10 00 81 01 00 01 A9 82 BE 65 12
12 21 00 53 01 C0 01 02 BF 02 10 00 81 02 10 01 21 02 10 0D 25 02 10 02 22 02 10 05 81 02 10 06 81 A9 CE 5C 79 12
12 38 00 C1 01 C0 02 01 BF 01 10 00 81 01 00 01 01 10 01 21 01 00 00 01 10 0D 25 02 00 3C 24 01 10 02 22 04 00 9B 01 00 00 01 10 05 81 02 00 67 11 01 10 06 81 01 00 01 57 8C 46 53 12
12 16 00 AE 00 C0 01 03 01 07 10 11 00 82 40 42 0F 00 02 10 00 81 C5 6A E2 0B 12
12 1B 00 5C 01 C0 03 01 01 08 10 11 01 82 20 DB DE 0A 00 00 00 01 10 00 81 01 00 01 A9 82 BE 65 12
12 16 00 AE 00 C0 01 03 01 07 10 11 00 82 40 42 0F 00 02 10 00 81 C5 6A E2 0B 12
12 1B 00 5C 01 C0 03 01 01 08 10 11 01 82 20 DB DE 0A 00 00 00 01 10 00 81 01 00 01 A9 82 BE 65 12
12 21 00 53 01 C0 01 02 C6 02 10 00 81 02 10 01 21 02 10 0D 25 02 10 02 22 02 10 05 81 02 10 06 81 6C EE D9 35 12
12 38 00 C1 01 C0 02 01 C6 01 10 12 21 00 41 01 C0 01 02 C9 00 10 00 81 02 10 01 21 02 00 0D 09 02 10 02 02 02 10 05 81 02 10 06 81 C7 F5 BF 38 12 FC
12 21 00 53 01 C0 01 02 CB 02 10 00 81 02 10 01 21 02 10 0D 25 02 10 02 22 02 10 05 81 02 10 06 81 ED 0F 14 3F 12
12 38 00 C1 01 C0 02 01 CB 01 10 00 81 01 00 01 01 10 01 21 01 00 00 01 10 0D 25 02 00 32 24 01 10 02 22 04 00 97 01 00 00 01 10 05 81 02 00 67 11 01 10 06 81 01 00 01 82 E4 14 E1 12
12 16 00 AE 00 C0 01 03 01 07 10 11 00 82 40 42 0F 00 02 10 00 81 C5 6A E2 0B 12
12 1B 00 5C 01 C0 03 01 01 08 10 11 01 82 20 DB DE 0A 00 00 00 01 10 00 81 01 00 01 A9 82 BE 65 12
12 21 00 53 01 C0 01 02 CF 02 10 00 81 02 10 01 21 02 10 0D 25 02 10 02 22 02 10 05 81 02 10 06 81 99 FB C3 39 12
12 38 00 C1 01 C0 02 01 CF 01 10 00 81 01 00 01 01 10 01 21 01 00 00 01 10 0D 25 02 00 32 24 01 10 02 22 04 00 97 01 00 00 01 10 05 81 02 00 67 11 01 10 06 81 01 00 01 F2 57 D3 17 12
12 16 00 AE 00 C0 01 03 01 07 10 11 00 82 40 42 0F 00 02 10 00 81 C5 6A E2 0B 12
12 1B 00 5C 01 C0 03 01 01 08 10 11 01 82 20 DB DE 0A 00 00 00 01 10 00 81 01 00 01 A9 82 BE 65 12
12 21 00 53 01 C0 01 02 D6 02 10 00 81 02 10 01 21 02 10 0D 25 02 10 02 22 02 10 05 81 02 10 06 81 BC 3F 86 2E 12
12 38 00 C1 01 C0 02 01 D6 01 10 00 81 01 00 01 01 10 01 21 01 00 00 01 10 0D 25 02 00 28 24 01 10 02 22 04 00 96 01 00 00 01 10 05 81 02 00 67 11 01 10 06 81 01 00 01 C8 D1 6C E7 12
12 21 00 53 01 C0 01 02 D9 02 10 00 81 02 10 01 21 02 10 0D 25 02 10 02 22 02 10 05 81 02 10 06 81 07 24 20 27 12
12 38 00 C1 01 C0 02 01 D9 01 10 00 81 01 00 01 01 10 01 21 01 00 00 01 10 0D 25 02 00 28 24 01 10 02 22 04 00 9C 01 00 00 01 10 05 81 02 00 67 11 01 10 06 81 01 00 01 09 2C 92 1C 12
12 16 00 AE 00 C0 01 03 01 07 10 11 00 82 40 42 0F 00 02 10 00 81 C5 6A E2 0B 12
12 1B 00 5C 01 C0 03 01 01 08 10 11 01 82 20 DB DE 0A 00 00 00 01 10 00 81 01 00 01 A9 82 BE 65 12
12 21 00 53 01 C0 01 02 DE 02 10 00 81 02 10 01 21 02 10 0D 25 02 10 02 22 02 10 05 81 02 10 06 81 54 D7 29 23 12
12 38 00 C1 01 C0 02 01 DE 01 10 00 81 01 00 01 01 10 01 21 01 00 00 01 10 0D 25 02 00 23 24 01 10 02 22 04 00 98 01 00 00 01 10 05 81 02 00 67 11 01 10 06 81 01 00 01 B6 5C F9 34 12
12 16 00 AE 00 C0 01 03 01 07 10 11 00 82 40 42 0F 00 02 10 00 81 C5 6A E2 0B 12
12 1B 00 5C 01 C0 03 01 01 08 10 11 01 82 20 DB DE 0A 00 00 00 01 10 00 81 01 00 01 A9 82 BE 65 12
12 16 00 AE 00 C0 01 03 01 07 10 11 00 82 40 42 0F 00 02 10 00 81 C5 6A E2 0B 12
12 1B 00 5C 01 C0 03 01 01 08 10 11 01 82 20 DB DE 0A 00 00 00 01 10 00 81 01 00 01 A9 82 BE 65 12
12 21 00 53 01 C0 01 02 E5 02 10 00 81 02 10 01 21 02 10 0D 25 02 10 02 22 02 10 05 81 02 10 06 81 EB 4A B8 01 12
12 38 00 C1 01 C0 02 01 E5 01 10 00 81 01 00 01 01 10 01 21 01 00 00 01 10 0D 25 02 00 1D 24 01 10 02 22 04 00 9E 01 00 00 01 10 05 81 02 00 67 11 01 10 06 81 01 00 01 14 37 4A F3 12
12 21 00 53 01 C0 01 02 E8 02 10 00 81 02 10 01 21 02 10 0D 25 02 10 02 22 02 10 05 81 02 10 06 81 6A AB 75 0B 12
12 38 00 C1 01 C0 02 01 E8 01 10 00 81 01 00 01 01 10 01 21 01 00 00 01 10 0D 25 02 00 1D 24 01 10 02 22 04 00 9E 01 00 00 01 10 05 81 02 00 67 11 01 10 06 81 01 00 01 19 08 C2 0E 12
12 16 00 AE 00 C0 01 03 01 07 10 11 00 82 40 42 0F 00 02 10 00 81 C5 6A E2 0B 12
12 1B 00 5C 01 C0 03 01 01 08 10 11 01 82 20 DB DE 0A 00 00 00 01 10 00 81 01 00 01 A9 82 BE 65 12
12 21 00 53 01 C0 01 02 ED 02 10 00 81 02 10 01 21 02 10 0D 25 02 10 02 22 02 10 05 81 02 10 06 81 03 A2 17 0C 12
12 38 00 C1 01 C0 02 01 ED 01 10 00 81 01 00 01 01 10 01 21 01 00 00 01 10 0D 25 02 00 18 24 01 10 02 22 04 00 9D 01 00 00 01 10 05 81 02 00 67 11 01 10 06 81 01 00 01 18 A1 2F 69 12
12 21 00 53 01 C0 01 02 F0 02 10 00 81 02 10 01 21 02 10 0D 25 02 10 02 22 02 10 05 81 02 10 06 81 52 92 85 1D 12
12 38 00 C1 01 C0 02 01 F0 01 10 00 81 01 00 01 01 10 01 21 01 00 00 01 10 0D 25 02 00 18 24 01 10 02 22 04 00 9D 01 00 00 01 10 05 81 02 00 67 11 01 10 06 81 01 00 01 57 5F 5B F9 12
12 16 00 AE 00 C0 01 03 01 07 10 11 00 82 40 42 0F 00 02 10 00 81 C5 6A E2 0B 12
12 1B 00 5C 01 C0 03 01 01 08 10 11 01 82 20 DB DE 0A 00 00 00 01 10 00 81 01 00 01 A9 82 BE 65 12
12 21 00 53 01 C0 01 02 F5 02 10 00 81 02 10 01 21 02 10 0D 25 02 10 02 22 02 10 05 81 02 10 06 81 3B 9B E7 1A 12
12 38 00 C1 01 C0 02 01 F5 01 10 00 81 01 00 01 01 10 01 21 01 00 00 01 10 0D 25 02 00 13 24 01 10 02 22 04 00 98 01 00 00 01 10 05 81 02 00 67 11 01 10 06 81 01 00 01 08 76 B1 7D 12
12 21 00 53 01 C0 01 02 F8 02 10 00 81 02 10 01 21 02 10 0D 25 02 10 02 22 02 10 05 81 02 10 06 81 BA 7A 2A 10 12
12 38 00 C1 01 C0 02 01 F8 01 10 00 81 01 00 01 01 10 01 21 01 00 00 01 10 0D 25 02 00 13 24 01 10 02 22 04 00 98 01 00 00 01 10 05 81 02 00 67 11 01 10 06 81 01 00 01 05 49 39 80 12
12 16 00 AE 00 C0 01 03 01 07 10 11 00 82 40 42 0F 00 02 10 00 81 C5 6A E2 0B 12
12 1B 00 5C 01 C0 03 01 01 08 10 11 01 82 20 DB DE 0A 00 00 00 01 10 00 81 01 00 01 A9 82 BE 65 12
12 21 00 53 01 C0 01 02 FD 02 10 00 81 02 10 01 21 02 10 0D 25 02 10 02 22 02 10 05 81 02 10 06 81 D3 73 48 17 12
12 38 00 C1 01 C0 02 01 FD 01 10 00 81 01 00 01 01 10 01 21 01 00 00 01 10 0D 25 02 00 0E 24 01 10 02 22 04 00 99 01 00 00 01 10 05 81 02 00 67 11 01 10 06 81 01 00 01 2A 9B 96 0F 12
12 16 00 AE 00 C0 01 03 01 07 10 11 00 82 40 42 0F 00 02 10 00 81 C5 6A E2 0B 12
12 1B 00 5C 01 C0 03 01 01 08 10 11 01 82 20 DB DE 0A 00 00 00 01 10 00 81 01 00 01 A9 82 BE 65 12
12 21 00 53 01 C0 01 02 01 02 10 00 81 02 10 01 21 02 10 0D 25 02 10 02 22 02 10 05 81 02 10 06 81 FF D4 51 86 12
12 38 00 C1 01 C0 02 01 01 01 10 00 81 01 00 01 01 10 01 21 01 00 00 01 10 0D 25 02 00 0E 24 01 10 02 22 04 00 99 01 00 00 01 10 05 81 02 00 67 11 01 10 06 81 01 00 01 E6 0E 2C CC 12
12 16 00 AE 00 C0 01 03 01 07 10 11 00 82 40 42 0F 00 02 10 00 81 C5 6A E2 0B 12
12 1B 00 5C 01 C0 03 01 01 08 10 11 01 82 20 DB DE 0A 00 00 00 01 10 00 81 01 00 01 A9 82 BE 65 12
12 21 00 53 01 C0 01 02 06 02 10 00 81 02 10 01 21 02 10 0D 25 02 10 02 22 02 10 05 81 02 10 06 81 AC 27 58 82 12
12 38 00 C1 01 C0 02 01 06 01 10 00 81 01 00 01 01 10 01 21 01 00 00 01 10 0D 25 02 00 09 24 01 10 02 22 04 00 95 01 00 00 01 10 05 81 02 00 67 11 01 10 06 81 01 00 01 13 DE 25 4E 12
12 21 00 53 01 C0 01 02 09 02 10 00 81 02 10 01 21 02 10 0D 25 02 10 02 22 02 10 05 81 02 10 06 81 17 3C FE 8B 12
12 38 00 C1 01 C0 02 01 09 01 10 00 81 01 00 01 01 10 01 21 01 00 00 01 10 0D 25 02 00 09 24 01 10 02 22 04 00 95 01 00 00 01 10 05 81 02 00 67 11 01 10 06 81 01 00 01 A6 38 CE C8 12
12 16 00 AE 00 C0 01 03 01 07 10 11 00 82 40 42 0F 00 02 10 00 81 C5 6A E2 0B 12
12 1B 00 5C 01 C0 03 01 01 08 10 11 01 82 20 DB DE 0A 00 00 00 01 10 00 81 01 00 01 A9 82 BE 65 12
12 21 00 53 01 C0 01 02 0E 02 10 00 81 02 10 01 21 02 10 0D 25 02 10 02 22 02 10 05 81 02 10 06 81 44 CF F7 8F 12
12 38 00 C1 01 C0 02 01 0E 01 10 00 81 01 00 01 01 10 01 21 01 00 00 01 10 0D 25 02 00 04 24 01 10 02 22 04 00 95 01 00 00 01 10 05 81 02 00 67 11 01 10 06 81 01 00 01 3C 18 94 B5 12
12 16 00 AE 00 C0 01 03 01 07 10 11 00 82 40 42 0F 00 02 10 00 81 C5 6A E2 0B 12
12 1B 00 5C 01 C0 03 01 01 08 10 11 01 82 20 DB DE 0A 00 00 00 01 10 00 81 01 00 01 A9 82 BE 65 12
12 21 00 53 01 C0 01 02 15 02 10 00 81 02 10 01 21 02 10 0D 25 02 10 02 22 02 10 05 81 02 10 06 81 5B F1 D9 9B 12
12 38 00 C1 01 C0 02 01 15 01 10 00 81 01 00 01 01 10 01 21 01 00 00 01 10 0D 25 02 00 FF 23 01 10 02 22 04 00 9B 01 00 00 01 10 05 81 02 00 67 11 01 10 06 81 01 00 01 C3 1C E4 4B 12
12 16 00 AE 00 C0 01 03 01 07 10 11 00 82 40 42 0F 00 02 10 00 81 C5 6A E2 0B 12
12 1B 00 5C 01 C0 03 01 01 08 10 11 01 82 20 DB DE 0A 00 00 00 01 10 00 81 01 00 01 A9 82 BE 65 12
12 21 00 53 01 C0 01 02 1C 02 10 00 81 02 10 01 21 02 10 0D 25 02 10 02 22 02 10 05 81 02 10 06 81 AE E4 C3 97 12
12 38 00 C1 01 C0 02 01 1C 01 10 00 81 01 00 01 01 10 01 21 01 00 00 01 10 0D 25 02 00 FA 23 01 10 02 22 04 00 9B 01 00 00 01 10 05 81 02 00 67 11 01 10 06 81 01 00 01 BA E0 66 4F 12
12 16 00 AE 00 C0 01 03 01 07 10 11 00 82 40 42 0F 00 02 10 00 81 C5 6A E2 0B 12
12 1B 00 5C 01 C0 03 01 01 08 10 11 01 82 20 DB DE 0A 00 00 00 01 10 00 81 01 00 01 A9 82 BE 65 12
12 16 00 AE 00 C0 01 03 01 07 10 11 00 82 40 42 0F 00 02 10 00 81 C5 6A E2 0B 12
12 1B 00 5C 01 C0 03 01 01 08 10 11 01 82 20 DB DE 0A 00 00 00 01 10 00 81 01 00 01 A9 82 BE 65 12
12 21 00 53 01 C0 01 02 23 02 10 00 81 02 10 01 21 02 10 0D 25 02 10 02 22 02 10 05 81 02 10 06 81 65 8D 85 B3 12
12 38 00 C1 01 C0 02 01 23 01 10 00 81 01 00 01 01 10 01 21 01 00 00 01 10 0D 25 02 00 F5 23 01 10 02 22 04 00 97 01 00 00 01 10 05 81 02 00 67 11 01 10 06 81 01 00 01 A2 C5 16 8F 12
12 21 00 53 01 C0 01 02 26 02 10 00 81 02 10 01 21 02 10 0D 25 02 10 02 22 02 10 05 81 02 10 06 81 0C 84 E7 B4 12
12 38 00 C1 01 C0 02 01 26 01 10 00 81 01 00 01 01 10 01 21 01 00 00 01 10 0D 25 02 00 F5 23 01 10 02 22 04 00 97 01 00 00 01 10 05 81 02 00 67 11 01 10 06 81 01 00 01 0E 9A 60 44 12
12 16 00 AE 00 C0 01 03 01 07 10 11 00 82 40 42 0F 00 02 10 00 81 C5 6A E2 0B 12
12 1B 00 5C 01 C0 03 01 01 08 10 11 01 82 20 DB DE 0A 00 00 00 01 10 00 81 01 00 01 A9 82 BE 65 12
12 21 00 53 01 C0 01 02 2B 02 10 00 81 02 10 01 21 02 10 0D 25 02 10 02 22 02 10 05 81 02 10 06 81 8D 65 2A BE 12
12 38 00 C1 01 C0 02 01 2B 01 10 00 81 01 00 01 01 10 01 21 01 00 00 01 10 0D 25 02 00 F0 23 01 10 02 22 04 00 9B 01 00 00 01 10 05 81 02 00 67 11 01 10 06 81 01 00 01 60 C5 EC 56 12
12 16 00 AE 00 C0 01 03 01 07 10 11 00 82 40 42 0F 00 02 10 00 81 C5 6A E2 0B 12
12 1B 00 5C 01 C0 03 01 01 08 10 11 01 82 20 DB DE 0A 00 00 00 01 10 00 81 01 00 01 A9 82 BE 65 12
12 21 00 53 01 C0 01 02 32 02 10 00 81 02 10 01 21 02 10 0D 25 02 10 02 22 02 10 05 81 02 10 06 81 A8 A1 6F A9 12
12 38 00 C1 01 C0 02 01 32 01 10 00 81 01 00 01 01 10 01 21 01 00 00 01 10 0D 25 02 00 EB 23 01 10 02 22 04 00 98 01 00 00 01 10 05 81 02 00 67 11 01 10 06 81 01 00 01 EA 5E 6B BC 12
12 21 00 53 01 C0 01 02 35 02 10 00 81 02 10 01 21 02 10 0D 25 02 10 02 22 02 10 05 81 02 10 06 81 FB 52 66 AD 12
12 38 00 C1 01 C0 02 01 35 01 10 00 81 01 00 01 01 10 01 21 01 00 00 01 10 0D 25 02 00 EB 23 01 10 02 22 04 00 98 01 00 00 01 10 05 81 02 00 67 11 01 10 06 81 01 00 01 FE D8 7E 0C 12
12 16 00 AE 00 C0 01 03 01 07 10 11 00 82 40 42 0F 00 02 10 00 81 C5 6A E2 0B 12
12 1B 00 5C 01 C0 03 01 01 08 10 11 01 82 20 DB DE 0A 00 00 00 01 10 00 81 01 00 01 A9 82 BE 65 12
12 21 00 53 01 C0 01 02 3A 02 10 00 81 02 10 01 21 02 10 0D 25 02 10 02 22 02 10 05 81 02 10 06 81 40 49 C0 A4 12
12 38 00 C1 01 C0 02 01 3A 01 10 00 81 01 00 01 01 10 01 21 01 00 00 01 10 0D 25 02 00 E6 23 01 10 02 22 04 00 97 01 00 00 01 10 05 81 02 00 67 11 01 10 06 81 01 00 01 0B 0E 45 04 12
12 16 00 AE 00 C0 01 03 01 07 10 11 00 82 40 42 0F 00 02 10 00 81 C5 6A E2 0B 12
12 1B 00 5C 01 C0 03 01 01 08 10 11 01 82 20 DB DE 0A 00 00 00 01 10 00 81 01 00 01 A9 82 BE 65 12
12 16 00 AE 00 C0 01 03 01 07 10 11 00 82 40 42 0F 00 02 10 00 81 C5 6A E2 0B 12
12 1B 00 5C 01 C0 03 01 01 08 10 11 01 82 20 DB DE 0A 00 00 00 01 10 00 81 01 00 01 A9 82 BE 65 12
12 21 00 53 01 C0 01 02 41 02 10 00 81 02 10 01 21 02 10 0D 25 02 10 02 22 02 10 05 81 02 10 06 81 BF 93 2E EB 12
12 38 00 C1 01 C0 02 01 41 01 10 00 81 01 00 01 01 10 01 21 01 00 00 01 10 0D 25 02 00 E1 23 01 10 02 22 04 00 92 01 00 00 01 10 05 81 02 00 67 11 01 10 06 81 01 00 01 7D D0 B1 42 12
12 21 00 53 01 C0 01 02 44 02 10 00 81 02 10 01 21 02 10 0D 25 02 10 02 22 02 10 05 81 02 10 06 81 D6 9A 4C EC 12
12 38 00 C1 01 C0 02 01 44 01 10 00 81 01 00 01 01 10 01 21 01 00 00 01 10 0D 25 02 00 E1 23 01 10 02 22 04 00 92 01 00 00 01 10 05 81 02 00 67 11 01 10 06 81 01 00 01 D1 8F C7 89 12
12 16 00 AE 00 C0 01 03 01 07 10 11 00 82 40 42 0F 00 02 10 00 81 C5 6A E2 0B 12
12 1B 00 5C 01 C0 03 01 01 08 10 11 01 82 20 DB DE 0A 00 00 00 01 10 00 81 01 00 01 A9 82 BE 65 12
12 21 00 53 01 C0 01 02 49 02 10 00 81 02 10 01 21 02 10 0D 25 02 10 02 22 02 10 05 81 02 10 06 81 57 7B 81 E6 12
12 38 00 C1 01 C0 02 01 49 01 10 00 81 01 00 01 01 10 01 21 01 00 00 01 10 0D 25 02 00 DC 23 01 10 02 22 04 00 91 01 00 00 01 10 05 81 02 00 67 11 01 10 06 81 01 00 01 04 6D CB F8 12
12 21 00 53 01 C0 01 02 4C 02 10 00 81 02 10 01 21 02 10 0D 25 02 10 02 22 02 10 05 81 02 10 06 81 3E 72 E3 E1 12
12 38 00 C1 01 C0 02 01 4C 01 10 00 81 01 00 01 01 10 01 21 01 00 00 01 10 0D 25 02 00 DC 23 01 10 02 22 04 00 91 01 00 00 01 10 05 81 02 00 67 11 01 10 06 81 01 00 01 A8 32 BD 33 12
12 16 00 AE 00 C0 01 03 01 07 10 11 00 82 40 42 0F 00 02 10 00 81 C5 6A E2 0B 12
12 1B 00 5C 01 C0 03 01 01 08 10 11 01 82 20 DB DE 0A 00 00 00 01 10 00 81 01 00 01 A9 82 BE 65 12
12 21 00 53 01 C0 01 02 51 02 10 00 81 02 10 01 21 02 10 0D 25 02 10 02 22 02 10 05 81 02 10 06 81 6F 42 71 F0 12
12 38 00 C1 01 C0 02 01 51 01 10 00 81 01 00 01 01 10 01 21 01 00 00 01 10 0D 25 02 00 D7 23 01 10 02 22 04 00 91 01 00 00 01 10 05 81 02 00 67 11 01 10 06 81 01 00 01 AE 37 DF D2 12
12 21 00 53 01 C0 01 02 54 02 10 00 81 02 10 01 21 02 10 0D 25 02 10 02 22 02 10 05 81 02 10 06 81 06 4B 13 F7 12
12 38 00 C1 01 C0 02 01 54 01 10 00 81 01 00 01 01 10 01 21 01 00 00 01 10 0D 25 02 00 D7 23 01 10 02 22 04 00 91 01 00 00 01 10 05 81 02 00 67 11 01 10 06 81 01 00 01 02 68 A9 19 12
12 16 00 AE 00 C0 01 03 01 07 10 11 00 82 40 42 0F 00 02 10 00 81 C5 6A E2 0B 12
12 1B 00 5C 01 C0 03 01 01 08 10 11 01 82 20 DB DE 0A 00 00 00 01 10 00 81 01 00 01 A9 82 BE 65 12
12 21 00 53 01 C0 01 02 59 02 10 00 81 02 10 01 21 02 10 0D 25 02 10 02 22 02 10 05 81 02 10 06 81 87 AA DE FD 12
12 38 00 C1 01 C0 02 01 59 01 10 00 81 01 00 01 01 10 01 21 01 00 00 01 10 0D 25 02 00 D1 23 01 10 02 22 04 00 94 01 00 00 01 10 05 81 02 00 67 11 01 10 06 81 49 3C F0 AE 00 C0 01 03 01 07 10 11 00 82 40 42 0F 00 02 10 00 81 C5 6A E2 0B 12
12 21 00 53 01 C0 01 02 5C 02 10 00 81 02 10 01 21 02 10 0D 25 02 10 02 22 02 10 05 81 02 10 06 81 EE A3 BC FA 12
12 38 00 C1 01 C0 02 01 5C 01 10 00 81 01 00 01 01 10 01 21 01 00 00 01 10 0D 25 02 00 D1 23 01 10 02 22 04 00 94 01 00 00 01 10 05 81 02 00 67 11 01 10 06 81 01 00 01 DE D8 84 AD 12
12 21 00 53 01 C0 01 02 5E 02 10 00 81 02 10 01 21 02 10 0D 25 02 10 02 22 02 10 05 81 02 10 06 81 D4 59 D7 F9 12
12 38 00 C1 01 C0 02 01 5E 01 10 00 81 01 00 01 01 10 01 21 01 00 00 01 10 0D 25 02 00 D1 23 01 10 02 22 04 00 94 01 00 00 01 10 05 81 02 00 67 11 01 10 06 81 01 00 01 66 01 E7 D6 12
12 16 00 AE 00 C0 01 03 01 07 10 11 00 82 40 42 0F 00 02 10 00 81 C5 6A E2 0B 12
12 1B 00 5C 01 C0 03 01 01 08 10 11 01 82 20 DB DE 0A 00 00 00 01 10 00 81 01 00 01 A9 82 BE 65 12
12 21 00 53 01 C0 01 02 62 02 10 00 81 02 10 01 21 02 10 0D 25 02 10 02 22 02 10 05 81 02 10 06 81 38 37 4F DF 12
12 38 00 C1 01 C0 02 01 62 01 10 00 81 01 00 01 01 10 01 21 01 00 00 01 10 0D 25 02 00 CC 23 01 10 02 22 04 00 93 01 00 00 01 10 05 81 02 00 67 11 01 10 06 81 01 00 01 E1 17 DE 79 12
12 21 00 53 01 C0 01 02 65 02 10 00 81 02 10 01 21 02 10 0D 25 02 10 02 22 02 10 05 81 02 10 06 81 6B C4 46 DB DD 12
12 38 00 C1 01 C0 02 01 65 01 10 00 81 01 00 01 01 10 01 21 01 00 00 01 10 0D 25 02 00 CC 23 01 10 02 22 04 00 93 01 00 00 01 10 05 81 02 00 67 11 01 10 06 81 01 00 01 F5 91 CB C9 12
12 16 00 AE 00 C0 01 03 01 07 10 11 00 82 40 42 0F 00 02 10 00 81 C5 6A E2 0B 12
12 1B 00 5C 01 C0 03 01 01 08 10 11 01 82 20 DB DE 0A 00 00 00 01 10 00 81 01 00 01 A9 82 BE 65 12
12 21 00 53 01 C0 01 02 6A 02 10 00 81 02 10 01 21 02 10 0D 25 02 10 02 22 02 10 05 81 02 10 06 81 D0 DF E0 D2 12
12 38 00 C1 01 C0 02 01 6A 01 10 00 81 01 00 01 01 10 01 21 01 00 00 01 10 0D 25 02 00 C7 23 01 10 02 22 04 00 97 01 00 00 01 10 05 81 02 00 67 11 01 10 06 81 01 00 01 EB 81 5E D7 12
12 16 00 AE 00 C0 01 03 01 07 10 11 00 82 40 42 0F 00 02 10 00 81 C5 6A E2 0B 12
12 1B 00 5C 01 C0 03 01 01 08 10 11 01 82 20 DB DE 0A 00 00 00 01 10 00 81 01 00 01 A9 82 BE 65 12
12 21 00 53 01 C0 01 02 71 02 10 00 81 02 10 01 21 02 10 0D 25 02 10 02 22 02 10 05 81 02 10 06 81 CF E1 CE C6 12
12 38 00 C1 01 C0 02 01 71 01 10 00 81 01 00 01 01 10 01 21 01 00 00 01 10 0D 25 02 00 C2 23 01 10 02 22 04 00 96 01 00 00 01 10 05 81 02 00 67 11 01 10 06 81 01 00 01 30 E5 A1 DB DE 12
12 16 00 AE 00 C0 01 03 01 07 10 11 00 82 40 42 0F 00 02 10 00 81 C5 6A E2 0B 12
12 1B 00 5C 01 C0 03 01 01 08 10 11 01 82 20 DB DE 0A 00 00 00 01 10 00 81 01 00 01 A9 82 BE 65 12
12 21 00 53 01 C0 01 02 78 02 10 00 81 02 10 01 21 02 10 0D 25 02 10 02 22 02 10 05 81 02 10 06 81 3A F4 D4 CA 12
12 38 00 C1 01 C0 02 25 9C F1 00 AE 00 C0 00 03 01 82 20 01 00 02 00 42 0F 00 00 10 00 81 C5 4A E2 0B 12 05 81 02 00 67 11 01 10 06 81 01 00 01 3D B9 FA DD 12
12 21 00 53 01 C0 01 02 7B 02 10 00 81 02 10 01 21 02 10 0D 25 02 10 02 22 02 10 05 81 02 10 06 81 1D F3 0A C8 12
12 38 00 C1 01 C0 02 01 7B 01 10 00 81 01 00 01 01 10 01 21 01 00 00 01 10 0D 25 02 00 BD 23 01 10 02 22 04 00 98 01 00 00 01 10 05 81 02 00 67 11 01 10 06 81 01 00 01 59 8C 28 9B 12
12 16 00 AE 00 C0 01 03 01 07 10 11 00 82 40 42 0F 00 02 10 00 81 C5 6A E2 0B 12
12 1B 00 5C 01 C0 03 01 01 08 10 11 01 82 20 DB DE 0A 00 00 00 01 10 00 81 01 00 01 A9 82 BE 65 12
12 21 00 53 01 C0 01 02 80 02 10 00 81 02 10 01 21 02 10 0D 25 02 10 02 22 02 10 05 81 02 10 06 81 62 A7 1A 5D 12
12 38 00 C1 01 C0 02 01 80 01 10 00 81 01 00 01 01 10 01 21 01 00 00 01 10 0D 25 02 00 B8 23 01 10 02 22 04 00 94 01 00 00 01 10 05 81 02 00 67 11 01 10 06 81 01 00 01 E2 FF 83 07 12
12 16 00 AE 00 C0 01 03 01 07 10 11 00 82 40 42 0F 00 02 10 00 81 C5 6A E2 0B 12
12 1B 00 5C 01 C0 03 01 01 08 10 11 01 82 20 DB DE 0A 00 00 00 01 10 00 81 01 00 01 A9 82 BE 65 12
12 21 00 53 01 C0 01 02 87 02 10 00 81 02 10 01 21 02 10 0D 25 02 10 02 22 02 10 05 81 02 10 06 81 31 54 13 59 12
12 38 00 C1 01 C0 02 01 87 01 10 00 81 01 00 01 01 10 01 21 01 00 00 01 10 0D 25 02 00 B3 23 01 10 02 22 04 00 98 01 00 00 01 10 05 81 02 00 67 11 01 10 06 81 01 00 01 D8 92 49 26 12
12 16 00 AE 00 C0 01 03 01 07 10 11 00 82 40 42 0F 00 02 10 00 81 C5 6A E2 0B 12
12 1B 00 5C 01 C0 03 01 01 08 10 11 01 82 20 DB DE 0A 00 00 00 01 10 00 81 01 00 01 A9 82 BE 65 12
12 21 00 53 01 C0 01 02 8E 02 10 00 81 02 10 01 21 02 10 0D 25 02 10 02 22 02 10 05 81 02 10 06 81 C4 41 09 55 12
12 38 00 C1 01 C0 02 01 8E 01 10 00 81 01 00 01 01 10 01 21 01 00 00 01 10 0D 25 02 00 AE 23 01 10 02 22 04 00 95 01 00 00 01 10 05 81 02 00 67 11 01 10 06 81 01 00 01 41 83 16 89 12
12 16 00 AE 00 C0 01 03 01 07 10 11 00 82 40 42 0F 00 02 10 00 81 C5 6A E2 0B 12
12 1B 00 5C 01 C0 03 01 01 08 10 11 01 82 20 DB DE 0A 00 00 00 01 10 00 81 01 00 01 A9 82 BE 65 12
12 21 00 53 01 C0 01 02 95 02 10 00 81 02 10 01 21 02 10 0D 25 02 10 02 22 02 10 05 81 02 10 06 81 DB DD 7F 27 41 12
12 16 00 AE 00 C0 01 03 01 07 10 11 00 82 40 42 0F 00 02 10 00 81 C5 6A E2 0B 12
12 1B 00 5C 01 C0 03 01 01 08 10 11 01 82 20 DB DE 0A 00 00 00 01 10 00 81 01 00 01 A9 82 BE 65 12
12 21 00 53 01 C0 01 02 98 02 10 00 81 02 10 01 21 02 10 0D 25 02 10 02 22 02 10 05 81 02 10 06 81 5A 9E EA 4B 12
12 38 00 C1 01 C0 02 01 98 01 10 00 81 01 00 01 01 10 01 21 01 00 00 01 10 0D 25 02 00 A9 23 01 10 02 22 04 00 94 01 00 00 01 10 05 81 02 00 67 11 01 10 06 81 01 00 01 15 EE 79 6C 12
12 16 00 AE 00 C0 01 03 01 07 10 11 00 82 40 42 0F 00 02 10 00 81 C5 6A E2 0B 12
12 1B 00 5C 01 C0 03 01 01 08 10 11 01 82 20 DB DE 0A 00 00 00 01 10 00 81 01 00 01 A9 82 BE 65 12
12 21 00 53 01 C0 01 02 9D 02 10 00 81 02 10 01 21 02 10 0D 25 02 10 02 22 02 10 05 81 02 10 06 81 33 97 88 4C 12
12 38 00 C1 01 C0 02 01 9D 01 10 00 81 01 00 01 01 10 01 21 01 00 00 01 10 0D 25 02 00 A4 23 01 10 02 22 04 00 90 01 00 00 01 10 05 81 02 00 67 11 01 10 06 81 01 00 01 D5 1A 28 83 12
12 21 00 53 01 C0 01 02 A0 02 10 00 81 02 10 01 21 02 10 0D 25 02 10 02 22 02 10 05 81 02 10 06 81 C2 04 A5 6B 12
12 38 00 C1 01 C0 02 01 A0 01 10 00 81 01 00 01 01 10 01 21 01 00 00 01 10 0D 25 02 00 A4 23 01 10 02 22 04 00 90 01 00 00 01 10 05 81 02 00 67 11 01 10 06 81 01 00 01 1E 66 A5 C8 12
12 16 00 AE 00 C0 01 03 01 07 10 11 00 82 40 42 0F 00 02 10 00 81 C5 6A E2 0B 12
12 1B 00 5C 01 C0 03 01 01 08 10 11 01 82 20 DB DE 0A 00 00 00 01 10 00 81 01 00 01 A9 82 BE 65 12
12 21 00 53 01 C0 01 02 A5 02 10 00 81 02 10 01 21 02 10 0D 25 02 10 02 22 02 10 05 81 02 10 06 81 AB 0D C7 6C 12
12 38 00 C1 01 C0 02 01 A5 01 10 00 81 01 00 01 01 10 01 21 01 00 00 01 10 0D 25 02 00 9F 23 01 10 02 22 04 00 8E 01 00 00 01 10 05 81 02 00 67 11 01 10 06 81 01 00 01 98 DB DE 67 17 12
12 21 00 53 01 C0 01 02 A8 02 10 00 81 02 10 01 21 02 10 0D 25 02 10 02 22 02 10 05 81 02 10 06 81 2A EC 0A 66 12
12 38 00 C1 01 C0 02 01 A8 01 10 00 81 01 00 01 01 10 01 21 01 00 00 01 10 0D 25 02 00 9F 23 01 10 02 22 04 00 8E 01 00 00 01 10 05 81 02 00 67 11 01 10 06 81 01 00 01 95 2D EF EA 12
12 16 00 AE 00 C0 01 03 01 07 10 11 00 82 40 42 0F 00 02 10 00 81 C5 6A E2 0B 12
12 1B 00 5C 01 C0 03 01 01 08 10 11 01 82 20 DB DE 0A 00 00 00 01 10 00 81 01 00 01 A9 82 BE 65 12
12 21 00 53 01 C0 01 02 AD 02 10 00 81 02 10 01 21 02 10 0D 25 02 10 02 22 02 10 05 81 02 10 06 81 43 E5 68 61 12
12 38 00 C1 01 C0 02 01 AD 01 10 00 81 01 00 01 01 10 01 21 01 00 00 01 10 0D 25 02 00 99 23 01 10 02 22 04 00 8E 01 00 00 01 10 05 81 02 00 67 11 01 10 06 81 01 00 01 FE 2F C0 9D 12
12 21 00 53 01 C0 01 02 B0 02 10 00 81 02 10 01 21 02 10 0D 25 02 10 02 22 02 10 05 81 02 10 06 81 DB DE D5 FA 70 12
12 16 00 AE 00 C0 01 03 01 07 10 11 00 82 40 42 0F 00 02 10 00 81 C5 6A E2 0B 12
12 1B 00 5C 01 C0 03 01 01 08 10 11 01 82 20 DB DE 0A 00 00 00 01 10 00 81 01 00 01 A9 82 BE 65 12
12 21 00 53 01 C0 01 02 B5 02 10 00 81 02 10 01 21 02 10 0D 25 02 10 02 22 02 10 05 81 02 10 06 81 7B DC 98 77 12
12 16 00 AE 00 C0 01 03 01 07 10 11 00 82 40 42 0F 00 02 10 00 81 C5 6A E2 0B 12
12 1B 00 5C 01 C0 03 01 01 08 10 11 01 82 20 DB DE 0A 00 00 00 01 10 00 81 01 00 01 A9 82 BE 65 12
12 21 00 53 01 C0 01 02 B8 02 10 00 81 02 10 01 21 02 10 0D 25 02 10 02 22 02 10 05 81 02 10 06 81 FA 3D 55 7D 12
12 38 00 C1 01 C0 02 01 B8 01 10 00 81 01 00 01 01 10 01 21 01 00 00 01 10 0D 25 02 00 94 23 01 10 02 22 04 00 8E 01 00 00 01 10 05 81 02 00 67 11 01 10 06 81 01 00 01 9E 17 05 F6 12
12 16 00 AE 00 C0 01 03 01 07 10 11 00 82 40 42 0F 00 02 10 00 81 C5 6A E2 0B 12
12 1B 00 5C 01 C0 03 01 01 08 10 11 01 82 20 DB DE 0A 00 00 00 01 10 00 81 01 00 01 A9 82 BE 65 12
12 21 00 53 01 C0 01 02 BD 02 10 00 81 02 10 01 21 02 10 0D 25 02 10 02 22 02 10 05 81 02 10 06 81 93 34 37 7A 12
12 38 00 C1 01 C0 02 01 BD 01 10 00 81 01 00 01 01 10 01 21 01 00 00 01 10 0D 25 02 00 8F 23 01 10 02 22 04 00 90 01 00 00 01 10 05 81 02 00 67 11 01 10 06 81 01 00 01 B2 35 2E 95 12
12 21 00 53 01 C0 01 02 C0 02 10 00 81 02 10 01 21 02 10 0D 25 02 10 02 22 02 10 05 81 02 10 06 81 22 E0 65 30 12
12 38 00 C1 01 C0 02 01 C0 01 10 00 81 01 00 01 01 10 01 21 01 00 00 01 10 0D 25 02 00 8F 23 01 10 02 22 04 00 90 01 00 00 01 10 05 81 02 00 67 11 01 10 06 81 01 00 01 30 4A 21 B2 12
12 16 00 AE 00 C0 01 03 01 07 10 11 00 82 40 42 0F 00 02 10 00 81 C5 6A E2 0B 12
12 1B 00 5C 01 C0 03 01 01 08 10 11 01 82 20 DB DE 0A 00 00 00 01 10 00 81 01 00 01 A9 82 BE 65 12
12 21 00 53 01 C0 01 02 C5 02 10 00 81 02 10 01 21 02 10 0D 25 02 10 02 22 02 10 05 81 02 10 06 81 4B E9 07 37 12
12 38 00 C1 01 C0 02 01 C5 01 10 00 81 01 00 01 01 10 01 21 01 00 00 01 10 0D 25 02 00 8A 23 01 10 02 22 04 00 94 01 00 00 01 10 05 81 02 00 67 11 01 10 06 81 01 00 01 7A 68 F2 9F 12
12 16 00 AE 00 C0 01 03 01 07 10 11 00 82 40 42 0F 00 02 10 00 81 C5 6A E2 0B 12
12 1B 00 5C 01 C0 03 01 01 08 10 11 01 82 20 DB DE 0A 00 00 00 01 10 00 81 01 00 01 A9 82 BE 65 12
12 21 00 53 01 C0 01 02 CD 02 10 00 81 02 10 01 21 02 10 0D 25 02 10 02 22 02 10 05 81 02 10 06 81 A3 01 A8 3A 12
12 38 00 C1 01 C0 02 01 CD 01 10 00 81 01 00 01 01 10 01 21 01 00 00 01 10 0D 25 02 00 87 23 01 10 02 22 04 00 AD 04 00 00 01 10 05 81 02 00 C8 0D 01 10 06 81 01 00 01 28 76 35 7B 12
12 16 00 AE 00 C0 01 03 01 07 10 11 00 82 40 42 0F 00 02 10 00 81 C5 6A E2 0B 12
12 1B 00 5C 01 C0 03 01 01 08 10 11 01 82 20 DB DE 0A 00 00 00 01 10 00 81 01 00 01 A9 82 BE 65 12
12 16 00 AE 00 C0 01 03 01 07 10 11 00 82 40 42 0F 00 02 10 00 81 C5 6A E2 0B 12
12 1B 00 5C 01 C0 03 01 01 08 10 11 01 82 20 DB DE 0A 00 00 00 01 10 00 81 01 00 01 A9 82 BE 65 12
12 21 00 53 01 C0 01 02 D4 02 10 00 81 02 10 01 21 02 10 0D 25 02 10 02 22 02 10 05 81 02 10 06 81 86 C5 ED 2D 12
12 21 00 53 01 80 01 02 D7 00 10 00 01 02 10 01 01 02 10 0D 25 00 10 02 22 02 10 81 81 02 10 06 81 80 C2 33 2E 12 B0 02 00 C8 0D 01 10 06 81 01 00 01 CA B2 9F A3 12
12 21 00 53 01 C0 01 02 D9 02 10 00 81 02 10 01 21 02 10 0D 25 02 10 02 22 02 10 05 81 02 10 06 81 07 24 20 27 12
12 38 00 C1 01 C0 02 01 D9 01 10 00 81 01 00 01 01 10 01 21 01 00 00 01 10 0D 25 02 00 85 23 01 10 02 22 04 00 9A 08 00 00 01 10 05 81 02 00 C8 0D 01 10 06 81 01 00 01 C7 8D 17 5E 12
12 16 00 AE 00 C0 01 03 01 07 10 11 00 82 40 42 0F 00 02 10 00 81 C5 6A E2 0B 12
12 1B 00 5C 01 C0 03 01 01 08 10 11 01 82 20 DB DE 0A 00 00 00 01 10 00 81 01 00 01 A9 82 BE 65 12
12 21 00 53 01 C0 01 02 DD 02 10 00 81 02 10 01 21 02 10 0D 25 02 10 02 22 02 10 05 81 02 10 06 81 73 D0 F7 21 12
12 38 00 C1 01 C0 02 01 DD 01 10 00 81 01 00 01 01 10 01 21 01 00 00 01 10 0D 25 02 00 84 23 01 10 02 22 04 00 AA 08 00 00 01 10 05 81 02 00 C8 0D 01 10 06 81 01 00 01 E8 68 9A F3 12
12 16 00 AE 00 C0 01 03 01 07 10 11 00 82 40 42 0F 00 02 10 00 81 C5 6A E2 0B 12
12 1B 00 5C 01 C0 03 01 01 08 10 11 01 82 20 DB DE 0A 00 00 00 01 10 00 81 01 00 01 A9 82 BE 65 12
12 21 00 53 01 C0 01 02 E4 02 10 00 81 02 10 01 21 02 10 0D 25 02 10 02 22 02 10 05 81 02 10 06 81 F6 B7 0D 00 12
12 38 00 C1 01 C0 02 01 E4 01 10 00 81 01 00 01 01 10 01 21 01 00 00 01 10 0D 25 02 00 84 23 01 10 02 22 04 00 E5 08 00 00 01 10 05 81 02 00 C8 0D 01 10 06 81 01 00 01 B5 DD 47 40 12
12 21 00 53 01 C0 01 02 E7 02 10 00 81 02 10 01 21 02 10 0D 25 02 10 02 22 02 10 05 81 02 10 06 81 D1 B0 D3 02 12
12 38 00 C1 01 C0 02 01 E7 01 10 00 81 01 00 01 01 10 01 21 01 00 00 01 10 0D 25 02 00 84 23 01 10 02 22 04 00 E5 08 00 00 01 10 05 81 02 00 C8 0D 01 10 06 81 01 00 01 D1 E8 95 06 12
12 16 00 AE 00 C0 01 03 01 07 10 11 00 82 40 42 0F 00 02 10 00 81 C5 6A E2 0B 12
12 1B 00 5C 01 C0 03 01 01 08 10 11 01 82 20 DB DE 0A 00 00 00 01 10 00 81 01 00 01 A9 82 BE 65 12
12 21 00 53 01 C0 01 02 EC 02 10 00 81 02 10 01 21 02 10 0D 25 02 10 02 22 02 10 05 81 02 10 06 81 1E 5F A2 0D 12
12 38 00 C1 01 C0 02 01 EC 01 10 00 81 01 00 01 01 10 01 21 01 00 00 01 10 0D 25 02 00 83 23 01 10 02 22 04 00 E4 08 00 00 01 10 05 81 02 00 C8 0D 01 10 06 81 01 00 01 CA 7B 8E 73 12
12 16 00 AE 00 C0 01 03 01 07 10 11 00 82 40 42 0F 00 02 10 00 81 C5 6A E2 0B 12
12 1B 00 5C 01 C0 03 01 01 08 10 11 01 82 20 DB DE 0A 00 00 00 01 10 00 81 01 00 01 A9 82 BE 65 12
12 16 00 AE 00 C0 01 03 01 07 10 11 00 82 40 42 0F 00 02 10 00 81 C5 6A E2 0B 12
12 1B 00 5C 01 C0 03 01 01 08 10 11 01 82 20 DB DE 0A 00 00 00 01 10 00 81 01 00 01 A9 82 BE 65 12
12 21 00 53 01 C0 01 02 F3 02 10 00 81 02 10 01 21 02 10 0D 25 02 10 02 22 02 10 05 81 02 10 06 81 75 95 5B 1F 12
12 38 00 C1 01 C0 02 01 F3 01 10 00 81 01 00 01 01 10 01 21 01 00 00 01 10 0D 25 02 00 82 23 01 10 02 22 04 00 D2 08 00 00 01 10 05 81 02 00 C8 0D 01 10 06 81 01 00 01 71 01 0F 5E 12
12 21 00 53 01 C0 01 02 F6 02 10 00 81 02 10 01 21 02 10 0D 25 02 10 02 22 02 10 05 81 02 10 06 81 1C 9C 39 18 12
12 38 00 C1 01 C0 02 01 F6 01 10 00 81 01 00 01 01 10 01 21 01 00 00 01 10 0D 25 02 00 82 23 01 10 02 22 04 00 D2 08 00 00 01 10 05 81 02 00 C8 0D 01 10 06 81 01 00 01 DD 5E 79 95 12
12 16 00 AE 00 C0 01 03 01 07 10 11 00 82 40 42 0F 00 02 10 00 81 C5 6A E2 0B 12
12 1B 00 5C 01 C0 03 01 01 08 10 11 01 82 20 DB DE 0A 00 00 00 01 10 00 81 01 00 01 A9 82 BE 65 12
12 21 00 53 01 C0 01 02 FB 02 10 00 81 02 10 01 21 02 10 0D 25 02 10 02 22 02 10 05 81 02 10 06 81 9D 7D F4 DB DE 12
12 38 00 C1 01 C0 02 01 FB 01 10 00 81 01 00 01 01 10 01 21 01 00 00 01 10 0D 25 02 00 81 23 01 10 02 22 04 00 B1 08 00 00 01 10 05 81 02 00 C8 0D 01 10 06 81 01 00 01 86 50 BF 13 12
12 16 00 AE 00 C0 01 03 01 07 10 11 00 82 40 42 0F 00 02 10 00 81 C5 6A E2 0B 12
12 1B 00 5C 01 C0 03 01 01 08 10 11 01 82 20 DB DE 0A 00 00 00 01 10 00 81 01 00 01 A9 82 BE 65 12
12 21 00 53 01 C0 01 02 03 02 10 00 81 02 10 01 21 02 10 0D 25 02 10 02 22 02 10 05 81 02 10 06 81 C5 2E 3A 85 12
12 38 00 C1 01 C0 02 01 03 01 10 00 81 01 00 01 01 10 01 21 01 00 00 01 10 0D 25 02 00 80 23 01 10 02 22 04 00 9B 08 00 00 01 10 05 81 02 00 C8 0D 01 10 06 81 01 00 01 1B 00 DF 13 12
12 21 00 53 01 C0 01 02 06 02 10 00 81 02 10 01 21 02 10 0D 25 02 10 02 22 02 10 05 81 02 10 06 81 AC 27 58 82 12
12 38 00 C1 01 C0 02 01 06 01 10 00 81 01 00 01 01 10 01 21 01 00 00 01 10 0D 25 02 00 80 23 01 10 02 22 04 00 9B 08 00 00 01 10 05 81 02 00 C8 0D 01 10 06 81 01 00 01 B7 5F A9 D8 12
12 16 00 AE 00 C0 01 03 01 07 10 11 00 82 40 42 0F 00 02 10 00 81 C5 6A E2 0B 12
12 1B 00 5C 01 C0 03 01 01 08 10 11 01 82 20 DB DE 0A 00 00 00 01 10 00 81 01 00 01 A9 82 BE 65 12
12 21 00 53 01 C0 01 02 0B 02 10 00 81 02 10 01 21 02 10 0D 25 02 10 02 22 02 10 05 81 02 10 06 81 2D C6 95 88 12
12 38 00 C1 01 C0 02 01 0B 01 10 00 81 01 00 00 01 10 01 21 01 00 00 01 10 0D 25 02 00 7F 23 01 10 02 22 04 00 89 08 00 00 01 10 05 81 02 00 C8 0D 01 10 06 81 01 00 01 6D 5B 9F 64 12
12 16 00 AE 00 C0 01 03 01 07 10 11 00 82 40 42 0F 00 02 10 00 81 C5 6A E2 0B 12
12 1B 00 5C 01 C0 03 01 01 08 10 11 01 82 20 DB DE 0A 00 00 00 01 10 00 81 01 00 00 E8 B3 A5 7C 12
12 16 00 AE 00 C0 01 03 01 07 10 11 00 82 40 42 0F 00 02 10 00 81 C5 6A E2 0B 12
12 1B 00 5C 01 C0 03 01 01 08 10 11 01 82 20 DB DE 0A 00 00 00 01 10 00 81 01 00 00 E8 B3 A5 7C 12
12 21 00 53 01 C0 01 02 DB DE 02 10 00 81 02 10 01 21 02 10 0D 25 02 10 02 22 02 10 05 81 02 10 06 81 08 02 D0 9F 12
12 38 00 C1 01 C0 02 01 DB DE 01 10 00 81 01 00 00 01 10 01 21 01 00 00 01 10 0D 25 02 00 7E 23 01 10 02 22 04 00 00 00 00 00 01 10 05 81 02 00 C8 0D 01 10 06 81 01 00 01 92 E6 A3 3F 12
12 21 00 53 01 C0 01 02 15 02 10 00 81 02 10 01 21 02 10 0D 25 02 10 02 22 02 10 05 81 02 10 06 81 5B F1 D9 9B 12
12 38 00 C1 01 C0 02 01 15 01 10 00 81 01 00 00 01 10 01 21 01 00 00 01 10 0D 25 02 00 7E 23 01 10 02 22 04 00 00 00 00 00 01 10 05 81 02 00 C8 0D 01 10 06 81 01 00 01 86 60 B6 8F 12
12 16 00 AE 00 C0 01 03 01 07 10 11 00 82 40 42 0F 00 02 10 00 81 C5 6A E2 0B 12
12 1B 00 5C 01 C0 03 01 01 08 10 11 01 82 20 DB DE 0A 00 00 00 01 10 00 81 01 00 00 E8 B3 A5 7C 12
12 21 00 53 01 C0 01 02 1A 02 10 00 81 02 10 01 21 02 10 0D 25 02 10 02 22 02 10 05 81 02 10 06 81 E0 EA 7F 92 12
12 38 00 C1 01 C0 02 01 1A 01 10 00 81 01 00 00 01 10 01 21 01 00 00 01 10 0D 25 02 00 7E 23 01 10 02 22 04 00 00 00 00 00 01 10 05 81 02 00 C8 0D 01 10 06 81 01 00 01 33 86 5D 09 12
12 16 00 AE 00 C0 01 03 01 07 10 11 00 82 40 42 0F 00 02 10 00 81 C5 6A E2 0B 12
12 1B 00 5C 01 C0 03 01 01 08 10 11 01 82 20 DB DE 0A 00 00 00 01 10 00 81 01 00 00 E8 B3 A5 7C 12
12 21 00 53 01 C0 01 02 21 02 10 00 81 02 10 01 21 02 10 0D 25 02 10 02 22 02 10 05 81 02 10 06 81 5F 77 EE B0 12
12 38 00 C1 01 C0 02 01 21 01 10 00 81 01 00 00 01 10 01 21 01 00 00 01 10 0D 25 02 00 7E 23 01 10 02 22 04 00 00 00 00 00 01 10 05 81 02 00 C8 0D 01 10 06 81 01 00 01 30 90 74 CF 12
12 16 00 AE 00 C0 01 03 01 07 10 11 00 82 40 42 0F 00 02 10 00 81 C5 6A E2 0B 12
12 1B 00 5C 01 C0 03 01 01 08 10 11 01 82 20 DB DE 0A 00 00 00 01 10 00 81 01 00 00 E8 B3 A5 7C 12
12 21 00 53 01 C0 01 02 28 02 10 00 81 02 10 01 21 02 10 0D 25 02 10 02 22 02 10 05 81 02 10 06 81 AA 62 F4 BC 12
12 38 00 C1 01 C0 02 01 28 01 10 00 81 01 00 00 01 10 01 21 01 00 00 01 10 0D 25 02 00 7E 23 01 10 02 22 04 00 00 00 00 00 01 10 05 81 02 00 C8 0D 01 10 06 81 01 00 01 4D 1C 3B C4 12
12 16 00 AE 00 C0 01 03 01 07 10 11 00 82 40 42 0F 00 02 10 00 81 C5 6A E2 0B 12
12 1B 00 5C 01 C0 03 01 01 08 10 11 01 82 20 DB DE 0A 00 00 00 01 10 00 81 01 00 00 E8 B3 A5 7C 12
12 16 00 AE 00 C0 01 03 01 07 10 11 00 82 40 42 0F 00 02 10 00 81 C5 6A E2 0B 12
12 1B 00 5C 01 C0 03 01 01 08 10 11 01 82 20 DB DE 0A 00 00 00 01 10 00 81 01 00 00 E8 B3 A5 7C 12
12 21 00 53 01 C0 01 02 2F 02 10 00 81 02 10 01 21 02 10 0D 25 02 10 02 22 02 10 05 81 02 10 06 81 F9 91 FD B8 12
12 38 00 C1 01 C0 02 01 2F 01 10 00 81 01 00 00 01 10 01 21 01 00 00 01 10 0D 25 02 00 7E 23 01 10 02 22 04 00 00 00 00 00 01 10 05 81 02 00 C8 0D 01 10 06 81 01 00 01 59 9A 2E 74 12
12 21 00 53 01 C0 01 02 32 02 10 00 81 02 10 01 21 02 10 0D 25 02 10 02 22 02 10 05 81 02 10 06 81 A8 A1 6F A9 12
12 38 00 C1 01 C0 02 01 32 01 10 00 81 01 00 00 01 10 01 21 01 00 00 01 10 0D 25 02 00 7E 23 01 10 02 22 04 00 00 00 00 00 01 10 05 81 02 00 C8 0D 01 10 06 81 01 00 01 16 64 5A E4 12
12 16 00 AE 00 C0 01 03 01 07 10 11 00 82 40 42 0F 00 02 10 00 81 C5 6A E2 0B 12
12 1B 00 5C 01 C0 03 01 01 08 10 11 01 82 20 DB DE 0A 00 00 00 01 10 00 81 01 00 00 E8 B3 A5 7C 12
12 21 00 53 01 C0 01 02 37 02 10 00 81 02 10 01 21 02 10 0D 25 02 10 02 22 02 10 05 81 02 10 06 81 C1 A8 0D AE 12
12 38 00 C1 01 C0 02 01 37 01 10 00 81 01 00 00 01 10 01 21 01 00 00 01 10 0D 25 02 00 7E 23 01 10 02 22 04 00 00 00 00 00 01 10 05 81 02 00 C8 0D 01 10 06 81 01 00 01 BA 3B 2C 2F 12
12 16 00 AE 00 C0 01 03 01 07 10 11 00 82 40 42 0F 00 02 10 00 81 C5 6A E2 0B 12
12 1B 00 5C 01 C0 03 01 01 08 10 11 01 82 20 DB DE 0A 00 00 00 01 10 00 81 01 00 00 E8 B3 A5 7C 12 
