12 1A 00 31 00 C0 FF 03 00 00 20 00 00 00 00 00 00 00 00 00 00 00 00 10 00 FF 06 DA EE 2D 12
12 1A 00 31 01 C0 FF 03 00 00 20 00 00 00 00 00 00 00 00 00 00 00 00 10 00 FF 21 BF CB AC 12
12 15 00 19 01 C0 01 02 03 02 10 0B 25 02 10 0C 25 02 10 14 81 70 CC CE 7A 12
12 22 00 E4 00 C0 01 03 01 07 10 13 02 10 02 81 02 10 01 02 02 10 15 81 02 10 14 81 16 82 00 00 01 00 68 CC 78 60 12
12 30 00 2B 01 C0 03 01 01 08 10 13 01 10 02 81 02 00 14 00 01 10 01 02 04 00 20 DB DE 0A 00 01 10 15 81 02 00 D8 72 01 10 14 81 02 00 76 48 01 00 CE 8B 1A FD 12
12 1A 00 31 01 C0 FF 03 00 00 20 00 00 00 00 00 00 00 00 00 00 00 00 10 00 FF 21 BF CB AC 12
12 1A 00 31 01 C0 FF 03 00 00 20 00 00 00 00 00 00 00 00 00 00 00 00 10 00 FF 21 BF CB AC 12
12 15 00 19 01 C0 01 02 03 02 10 0B 25 02 10 0C 25 02 10 14 81 70 CC CE 7A 12
12 22 00 E4 01 C0 01 03 01 07 10 13 02 10 02 81 02 10 01 02 02 10 15 81 02 10 14 81 16 82 00 00 01 00 C2 C9 A2 91 12
12 30 00 2B 01 C0 03 01 01 08 10 13 01 10 02 81 02 00 14 00 01 10 01 02 04 00 20 DB DE 0A 00 01 10 15 81 02 00 D8 72 01 10 14 81 02 00 76 48 01 00 CE 8B 1A FD 12
12 21 00 53 01 C0 01 02 04 02 10 00 81 02 10 01 21 02 10 0D 25 02 10 02 22 02 10 05 81 02 10 06 81 96 DD 33 81 12
12 16 00 AE 00 C0 01 03 01 07 10 11 00 82 40 42 0F 00 02 10 00 81 C5 6A E2 0B 12
12 13 00 B6 01 C0 01 02 06 06 03 00 16 16 82 00 00 00 00 14 F5 E1 3A 12
12 24 00 4B 01 C0 02 01 06 07 03 16 30 32 34 38 4A 42 2E 30 30 2E 30 33 2E 30 30 32 2E 30 30 30 38 00 01 00 21 AA 7A C0 12
12 16 00 AE 00 C0 01 03 01 07 10 11 00 82 40 42 0F 00 02 10 00 81 C5 6A E2 0B 12
12 1B 00 5C 01 C0 03 01 01 08 10 11 01 82 98 3A 00 00 00 00 01 10 00 81 01 00 00 71 76 13 64 12
12 21 00 53 01 C0 01 02 07 02 10 00 81 02 10 01 21 02 10 0D 25 02 10 02 22 02 10 05 81 02 10 06 81 B1 DA ED 83 12
12 38 00 C1 01 C0 02 01 07 01 10 00 81 01 00 00 01 10 01 21 01 00 01 01 10 0D 25 02 00 44 24 01 10 02 22 04 00 00 00 00 00 01 10 05 81 02 00 3F 1B 01 10 06 81 01 00 01 64 D9 2C D0 12
12 16 00 AE 00 C0 01 03 01 07 10 11 00 82 40 42 0F 00 02 10 00 81 C5 6A E2 0B 12
12 1B 00 5C 01 C0 03 01 01 08 10 11 01 82 98 3A 00 00 00 00 01 10 00 81 01 00 00 71 76 13 64 12
12 21 00 53 01 C0 01 02 0A 02 10 00 81 02 10 01 21 02 10 0D 25 02 10 02 22 02 10 05 81 02 10 06 81 30 3B 20 89 12
12 38 00 C1 01 C0 02 01 0A 01 10 00 81 01 00 00 01 10 01 21 01 00 01 01 10 0D 25 02 00 4A 24 01 10 02 22 04 00 00 00 00 00 01 10 05 81 02 00 28 23 01 10 06 81 01 00 01 54 0A F6 CD 12
12 16 00 AE 00 C0 01 03 01 07 10 11 00 82 40 42 0F 00 02 10 00 81 C5 6A E2 0B 12
12 1B 00 5C 01 C0 03 01 01 08 10 11 01 82 98 3A 00 00 00 00 01 10 00 81 01 00 00 71 76 13 64 12
12 21 00 53 01 C0 01 02 0C 02 10 00 81 02 10 01 21 02 10 0D 25 02 10 02 22 02 10 05 81 02 10 06 81 7E 35 9C 8C 12
12 38 00 C1 01 C0 02 01 0C 01 10 00 81 01 00 00 01 10 01 21 01 00 01 01 10 0D 25 02 00 4A 24 01 10 02 22 04 00 00 00 00 00 01 10 05 81 02 00 28 23 01 10 06 81 01 00 01 9C 60 52 40 12
12 15 00 19 01 C0 01 02 0E 02 10 0B 25 02 10 0C 25 02 10 14 81 29 8E 84 73 12
12 16 00 AE 00 C0 01 03 01 07 10 11 00 82 40 42 0F 00 02 10 00 81 C5 6A E2 0B 12
12 1B 00 5C 01 C0 03 01 01 08 10 11 01 82 98 3A 00 00 00 00 01 10 00 81 01 00 00 71 76 13 64 12
12 16 00 AE 00 C0 01 03 01 07 10 11 00 82 40 42 0F 00 02 10 00 81 C5 6A E2 0B 12
12 21 00 53 01 C0 01 02 14 02 10 00 81 02 10 01 21 02 10 0D 25 02 10 02 22 02 10 05 81 02 10 06 81 46 0C 6C 9A 12
12 13 00 B6 01 C0 01 02 17 06 03 00 16 16 82 00 00 00 00 87 54 5C AD 12
12 24 00 4B 01 C0 02 01 17 07 03 16 30 32 34 38 4A 42 2E 30 30 2E 30 33 2E 30 30 32 2E 30 30 30 38 00 01 00 EC 86 90 DA 12
12 16 00 AE 00 C0 01 03 01 07 10 11 00 82 40 42 0F 00 02 10 00 81 C5 6A E2 0B 12
12 1B 00 5C 01 C0 03 01 01 08 10 11 01 82 98 3A 00 00 00 00 01 10 00 81 01 00 00 71 76 13 64 12
12 21 00 53 01 C0 01 02 1C 02 10 00 81 02 10 01 21 02 10 0D 25 02 10 02 22 02 10 05 81 02 10 06 81 AE E4 C3 97 12
12 38 00 C1 01 C0 02 01 1C 01 10 00 81 01 00 00 01 10 01 21 01 00 01 01 10 0D 25 02 00 4B 24 01 10 02 22 04 00 00 00 00 00 01 10 05 81 02 00 28 23 01 10 06 81 01 00 01 9F BA 22 43 12
12 16 00 AE 00 C0 01 03 01 07 10 11 00 82 40 42 0F 00 02 10 00 81 C5 6A E2 0B 12
12 1B 00 5C 01 C0 03 01 01 08 10 11 01 82 98 3A 00 00 00 00 01 10 00 81 01 00 00 71 76 13 64 12
12 21 00 53 01 C0 01 02 23 02 10 00 81 02 10 01 21 02 10 0D 25 02 10 02 22 02 10 05 81 02 10 06 81 65 8D 85 B3 12
12 38 00 C1 01 C0 02 01 23 01 10 00 81 01 00 00 01 10 01 21 01 00 01 01 10 0D 25 02 00 4B 24 01 10 02 22 04 00 00 00 00 00 01 10 05 81 02 00 28 23 01 10 06 81 01 00 01 EC 1F CC 73 12
12 16 00 AE 00 C0 01 03 01 07 10 11 00 82 40 42 0F 00 02 10 00 81 C5 6A E2 0B 12
12 1B 00 5C 01 C0 03 01 01 08 10 11 01 82 98 3A 00 00 00 00 01 10 00 81 01 00 00 71 76 13 64 12
12 21 00 53 01 C0 01 02 2A 02 10 00 81 02 10 01 21 02 10 0D 25 02 10 02 22 02 10 05 81 02 10 06 81 90 98 9F BF 12
12 38 00 C1 01 C0 02 01 2A 01 10 00 81 01 00 00 01 10 01 21 01 00 01 01 10 0D 25 02 00 4B 24 01 10 02 22 04 00 00 00 00 00 01 10 05 81 02 00 28 23 01 10 06 81 01 00 01 91 93 83 78 12
12 16 00 AE 00 C0 01 03 01 07 10 11 00 82 40 42 0F 00 02 10 00 81 C5 6A E2 0B 12
12 1B 00 5C 01 C0 03 01 01 08 10 11 01 82 98 3A 00 00 00 00 01 10 00 81 01 00 00 71 76 13 64 12
12 15 00 19 01 C0 01 02 2D 02 10 0B 25 02 10 0C 25 02 10 14 81 A6 41 73 4D 12
12 21 00 53 01 C0 02 01 2D 01 10 0B 25 02 00 A0 0F 01 10 0C 25 02 00 05 0F 01 10 14 81 02 00 76 48 34 0C C1 D0 12
12 16 00 AE 00 C0 01 03 01 07 10 11 00 82 40 42 0F 00 02 10 00 81 C5 6A E2 0B 12
12 1B 00 5C 01 C0 03 01 01 08 10 11 01 82 98 3A 00 00 00 00 01 10 00 81 01 00 00 71 76 13 64 12
12 21 00 53 01 C0 01 02 32 02 10 00 81 02 10 01 21 02 10 0D 25 02 10 02 22 02 10 05 81 02 10 06 81 A8 A1 6F A9 12
12 38 00 C1 01 C0 02 01 32 01 10 00 81 01 00 00 01 10 01 21 01 00 01 01 10 0D 25 02 00 4B 24 01 10 02 22 04 00 00 00 00 00 01 48 2C 06 53 01 C0 01 02 31 02 20 00 81 02 00 01 01 02 10 0D 25 02 10 02 22 02 10 05 81 02 10 06 81 FB 52 66 AD 12
12 21 00 53 01 C0 01 02 37 02 10 00 81 02 10 01 21 02 10 0D 25 02 10 02 22 02 10 05 81 02 10 06 81 C1 A8 0D AE 12
12 38 00 C1 01 C0 02 01 37 01 10 00 81 01 00 00 01 10 01 21 01 00 01 01 10 0D 25 02 00 4B 24 01 10 02 22 04 00 00 00 00 00 01 10 05 81 02 00 28 23 01 10 06 81 01 00 01 DE 6D F7 E8 12
12 16 00 AE 00 C0 01 03 01 07 10 11 00 82 40 42 0F 00 02 10 00 81 C5 6A E2 0B 12
12 1B 00 5C 01 C0 03 01 01 08 10 11 01 82 98 3A 00 00 00 00 01 10 00 81 01 00 00 71 76 13 64 12
12 21 00 53 01 C0 01 02 3B 02 10 00 81 02 10 01 21 02 10 0D 25 02 10 02 22 02 10 05 81 02 10 06 81 5D B4 75 A5 12
12 38 00 C1 01 C0 02 01 3B 01 10 00 81 01 00 00 01 10 01 21 01 00 01 01 10 0D 25 02 00 4B 24 01 10 02 22 04 00 00 00 00 00 01 10 05 81 02 00 28 23 01 10 06 81 01 00 01 0F BE CE 28 12
12 16 00 AE 00 C0 01 03 01 07 10 11 00 82 40 42 0F 00 02 10 00 81 C5 6A E2 0B 12
12 1B 00 5C 01 C0 03 01 01 08 10 11 01 82 98 3A 00 00 00 00 01 10 00 81 01 00 00 71 76 13 64 12
12 21 00 53 01 C0 01 02 42 02 10 00 81 02 10 01 21 02 10 0D 25 02 10 02 22 02 10 05 81 02 10 06 81 98 94 F0 E9 12
12 38 00 C1 01 C0 02 01 42 01 10 00 81 01 00 00 01 10 01 21 01 00 01 01 10 0D 25 02 00 4C 24 01 10 02 22 04 00 00 00 00 00 01 10 05 81 02 00 28 23 01 10 06 81 01 00 01 7B 34 D3 2B 12
12 16 00 AE 00 C0 01 03 01 07 10 11 00 82 40 42 0F 00 02 10 00 81 C5 6A E2 0B 12
12 1B 00 5C 01 C0 03 01 01 08 10 11 01 82 98 3A 00 00 00 00 01 10 00 81 01 00 00 71 76 13 64 12
12 21 00 53 01 C0 01 02 49 02 10 00 81 02 10 01 21 02 10 0D 25 02 10 02 22 02 10 05 81 02 10 06 81 57 7B 81 E6 12
12 38 00 C1 01 C0 02 01 49 01 10 00 81 01 00 00 01 10 01 21 01 00 01 01 10 0D 25 02 00 4C 24 01 10 02 22 04 00 00 00 00 00 01 10 05 81 02 00 28 23 01 10 06 81 01 00 01 BE 61 FF 5B 12
12 16 00 AE 00 C0 01 03 01 07 10 11 00 82 40 42 0F 00 02 10 00 81 C5 6A E2 0B 12
12 1B 00 5C 01 C0 03 01 01 08 10 11 01 82 98 3A 00 00 00 00 01 10 00 81 01 00 00 71 76 13 64 12
12 16 00 AE 00 C0 01 03 01 07 10 11 00 82 40 42 0F 00 02 10 00 81 C5 6A E2 0B 12
12 1B 00 5C 01 C0 03 01 01 08 10 11 01 82 98 3A 00 00 00 00 01 10 00 81 01 00 00 71 76 13 64 12
12 21 00 53 01 C0 01 02 50 02 10 00 81 02 10 01 21 02 10 0D 25 02 10 02 22 02 10 05 81 02 10 06 81 72 BF C4 F1 12
12 38 00 C1 01 C0 02 01 50 01 10 00 81 01 00 00 01 10 01 21 01 00 01 01 10 0D 25 02 00 4C 24 01 10 02 22 04 00 00 00 00 00 01 10 05 81 02 00 28 23 01 10 06 81 01 00 01 81 2C 4C 3D 12
12 21 00 53 01 C0 01 02 53 02 10 00 81 02 10 01 21 02 10 0D 25 02 10 02 22 02 10 05 81 02 10 06 81 55 B8 1A F3 12
12 38 00 C1 01 C0 02 01 53 01 10 00 81 01 00 00 01 10 01 21 01 00 01 01 10 0D 25 02 00 4C 24 01 10 02 22 04 00 00 00 00 00 01 10 05 81 02 00 28 23 01 10 06 81 01 00 01 E5 19 9E 7B 12
12 16 00 AE 00 C0 01 03 01 07 10 11 00 82 40 42 0F 00 02 10 00 81 C5 6A E2 0B 12
12 1B 00 5C 01 C0 03 01 01 08 10 11 01 82 98 3A 00 00 00 00 01 10 00 81 01 00 00 71 76 13 64 12
12 21 00 53 01 C0 01 02 58 02 10 00 81 02 10 01 21 02 10 0D 25 02 10 02 22 02 10 05 81 02 10 06 81 9A 57 6B FC 12
12 38 00 C1 01 C0 02 01 58 01 10 00 81 01 00 00 01 10 01 21 01 00 01 01 10 0D 25 02 00 4C 24 01 10 02 22 04 00 00 00 00 00 01 10 05 81 02 00 28 23 01 10 06 81 01 00 01 20 4C B2 0B 12
12 16 00 AE 00 C0 01 03 01 07 10 11 00 82 40 42 0F 00 02 10 00 81 C5 6A E2 0B 12
12 1B 00 5C 01 C0 03 01 01 08 10 11 01 82 98 3A 00 00 00 00 01 10 00 81 01 00 00 71 76 13 64 12
12 21 00 53 01 C0 01 02 5F 02 10 00 81 02 10 01 21 02 10 0D 25 02 10 02 22 02 10 05 81 02 10 06 81 C9 A4 62 F8 12
12 38 00 C1 01 C0 02 01 5F 01 10 00 81 01 00 00 01 10 01 21 01 00 01 01 10 0D 25 02 00 4C 24 01 10 02 22 04 00 00 00 00 00 01 10 05 81 02 00 28 23 01 10 06 81 01 00 01 34 CA A7 BB 12
12 16 00 AE 00 C0 01 03 01 07 10 11 00 82 40 42 0F 00 02 10 00 81 C5 6A E2 0B 12
12 1B 00 5C 01 C0 03 01 01 08 10 11 01 82 98 3A 00 00 00 00 01 10 00 81 01 00 00 71 76 13 64 12
12 21 00 53 01 C0 01 02 66 02 10 00 81 02 10 01 21 02 10 0D 25 02 10 02 22 02 10 05 81 02 10 06 81 4C C3 98 D9 12
12 38 00 C1 01 C0 02 01 66 01 10 00 81 01 00 00 01 10 01 21 01 00 01 01 10 0D 25 02 00 4D 24 01 10 02 22 04 00 00 00 00 00 01 10 05 81 02 00 28 23 01 10 06 81 01 00 01 CE 1E 61 68 12
12 16 00 AE 00 C0 01 03 01 07 10 11 00 82 40 42 0F 00 02 10 00 81 C5 6A E2 0B 12
12 1B 00 5C 01 C0 03 01 01 08 10 11 01 82 98 3A 00 00 00 00 01 10 00 81 01 00 00 71 76 13 64 12
12 16 00 AE 00 C0 01 03 01 07 10 11 00 82 40 42 0F 00 02 10 00 81 C5 6A E2 0B 12
12 1B 00 5C 01 C0 03 01 01 08 10 11 01 82 98 3A 00 00 00 00 01 10 00 81 01 00 00 71 76 13 64 12
12 21 00 53 01 C0 01 02 6D 02 10 00 81 02 10 01 21 02 10 0D 25 02 10 02 22 02 10 05 81 02 10 06 81 83 2C E9 D6 12
12 38 00 C1 01 C0 02 01 6D 01 10 00 81 01 00 00 01 10 01 21 01 00 01 01 10 0D 25 02 00 4D 24 01 10 02 22 04 00 00 00 00 00 01 10 05 81 02 00 28 23 01 10 06 81 01 00 01 0B 4B 4D 18 12
12 21 00 53 01 C0 01 02 70 02 10 00 81 02 10 01 21 02 10 0D 25 02 10 02 22 02 10 05 81 02 10 06 81 D2 1C 7B C7 12
12 38 00 C1 01 C0 02 01 70 01 10 00 81 01 00 00 01 10 01 21 01 00 01 01 10 0D 25 02 00 4D 24 01 10 02 22 04 00 00 00 00 00 01 10 05 81 02 00 28 23 01 10 06 81 01 00 01 44 B5 39 88 12
12 16 00 AE 00 C0 01 03 01 07 10 11 00 82 40 42 0F 00 02 10 00 81 C5 6A E2 0B 12
12 1B 00 5C 01 C0 03 01 01 08 10 11 01 82 98 3A 00 00 00 00 01 10 00 81 01 00 00 71 76 13 64 12
12 21 00 53 01 C0 01 02 75 02 10 00 81 02 10 01 21 02 10 0D 25 02 10 02 22 02 10 05 81 02 10 06 81 BB 15 19 C0 12
12 38 00 C1 01 C0 02 01 75 01 10 00 81 01 00 00 01 10 01 21 01 00 01 01 10 0D 25 02 00 4D 24 01 10 02 22 04 00 00 00 00 00 01 10 05 81 02 00 28 23 01 10 06 81 01 00 01 E8 EA 4F 43 12
12 16 00 AE 00 C0 01 03 01 07 10 11 00 82 40 42 0F 00 02 10 00 81 C5 6A E2 0B 12
12 1B 00 5C 01 C0 03 01 01 08 10 11 01 82 98 3A 00 00 00 00 01 10 00 81 01 00 00 71 76 13 64 12
12 21 00 53 01 C0 01 02 7C 02 10 00 81 02 10 01 21 02 10 0D 25 02 10 02 22 02 10 05 81 02 10 06 81 4E 00 03 CC 12
12 38 00 C1 01 C0 02 01 7C 01 10 00 81 01 00 00 01 10 01 21 01 00 01 01 10 0D 25 02 00 4D 24 01 10 02 22 04 00 00 00 00 00 01 10 05 81 02 00 28 23 01 10 06 81 01 00 01 95 66 00 48 12
12 16 00 AE 00 C0 01 03 01 07 10 11 00 82 40 42 0F 00 02 10 00 81 C5 6A E2 0B 12
12 1B 00 5C 01 C0 03 01 01 08 10 11 01 82 98 3A 00 00 00 00 01 10 00 81 01 00 00 71 76 13 64 12
12 21 00 53 01 C0 01 02 83 02 10 00 81 02 10 01 21 02 10 0D 25 02 10 02 22 02 10 05 81 02 10 06 81 45 A0 C4 5F 12
12 38 00 C1 01 C0 02 01 83 01 10 00 81 01 00 00 01 10 01 21 01 00 01 01 10 0D 25 02 00 4D 24 01 10 02 22 04 00 00 00 00 00 01 10 05 81 02 00 28 23 01 10 06 81 01 00 01 3D C6 68 CD 12
12 16 00 AE 00 C0 01 03 01 07 10 11 00 82 40 42 0F 00 02 10 00 81 C5 6A E2 0B 12
12 1B 00 5C 01 C0 03 01 01 08 10 11 01 82 98 3A 00 00 00 00 01 10 00 81 01 00 00 71 76 13 64 12
12 16 00 AE 00 C0 01 03 01 07 10 11 00 82 40 42 0F 00 02 10 00 81 C5 6A E2 0B 12
12 1B 00 5C 01 C0 03 01 01 08 10 11 01 82 98 3A 00 00 00 00 01 10 00 81 01 00 00 71 76 13 64 12
12 21 00 53 01 C0 01 02 8A 02 10 00 81 02 10 01 21 02 10 0D 25 02 10 02 22 02 10 05 81 02 10 06 81 B0 B5 DE 53 12
12 38 00 C1 01 C0 02 01 8A 01 10 00 81 01 00 00 01 10 01 21 01 00 01 01 10 0D 25 02 00 4E 24 01 10 02 22 04 00 00 00 00 00 01 10 05 81 02 00 28 23 01 10 06 81 01 00 01 83 67 B3 75 12
12 21 00 53 01 C0 01 02 8D 02 10 00 81 02 10 01 21 02 10 0D 25 02 10 02 22 02 10 05 81 02 10 06 81 E3 46 D7 57 12
12 38 00 C1 01 C0 02 01 8D 01 10 00 81 01 00 00 01 10 01 21 01 00 01 01 10 0D 25 02 00 4E 24 01 10 02 22 04 00 00 00 00 00 01 10 05 81 02 00 28 23 01 10 06 81 01 00 01 97 E1 A6 C5 12
12 16 00 AE 00 C0 01 03 01 07 10 11 00 82 40 42 0F 00 02 10 00 81 C5 6A E2 0B 12
12 1B 00 5C 01 C0 03 01 01 08 10 11 01 82 98 3A 00 00 00 00 01 10 00 81 01 00 00 71 76 13 64 12
12 21 00 53 01 C0 01 02 92 02 10 00 81 02 10 01 21 02 10 0D 25 02 10 02 22 02 10 05 81 02 10 06 81 88 8C 2E 45 12
12 38 00 C1 01 C0 02 01 92 01 10 00 81 01 00 00 01 10 01 21 01 00 01 01 10 0D 25 02 00 4E 24 01 10 02 22 04 00 00 00 00 00 01 10 05 81 02 00 28 23 01 10 06 81 01 00 01 60 C6 B1 2E 12
12 16 00 AE 00 C0 01 03 01 07 10 11 00 82 40 42 0F 00 02 10 00 81 C5 6A E2 0B 12
12 1B 00 5C 01 C0 03 01 01 08 10 11 01 82 98 3A 00 00 00 00 01 10 00 81 01 00 00 71 76 13 64 12
12 21 00 53 01 C0 01 02 99 02 10 00 81 02 10 01 21 02 10 0D 25 02 10 02 22 02 10 05 81 02 10 06 81 47 63 5F 4A 12
12 38 00 C1 01 C0 02 01 99 01 10 00 81 01 00 00 01 10 01 21 01 00 01 01 10 0D 25 02 00 4E 24 01 10 02 22 04 00 00 00 00 00 01 10 05 81 02 00 28 23 01 10 06 81 01 00 01 A5 93 9D 5E 12
12 16 00 AE 00 C0 01 03 01 07 10 11 00 82 40 42 0F 00 02 10 00 81 C5 6A E2 0B 12
12 1B 00 5C 01 C0 03 01 01 08 10 11 01 82 98 3A 00 00 00 00 01 10 00 81 01 00 00 71 76 13 64 12
12 21 00 53 01 C0 01 02 A0 02 10 00 81 02 10 01 21 02 10 0D 25 02 10 02 22 02 10 05 81 02 10 06 81 C2 04 A5 6B 12
12 38 00 C1 01 C0 02 01 A0 01 10 00 81 01 00 00 01 10 01 21 01 00 01 01 10 0D 25 02 00 4E 24 01 10 02 22 04 00 00 00 00 00 01 10 05 81 02 00 28 23 01 10 06 81 01 00 01 1E 5C D7 E3 12
12 16 00 AE 00 C0 01 03 01 07 10 11 00 82 40 42 0F 00 02 10 00 81 C5 6A E2 0B 12
12 1B 00 5C 01 C0 03 01 01 08 10 11 01 82 98 3A 00 00 00 00 01 10 00 81 01 00 00 71 76 13 64 12
12 16 00 AE 00 C0 01 03 01 07 10 11 00 82 40 42 0F 00 02 10 00 81 C5 6A E2 0B 12
12 1B 00 5C 01 C0 03 01 01 08 10 11 01 82 98 3A 00 00 00 00 01 10 00 81 01 00 00 71 76 13 64 12
12 21 00 53 01 C0 01 02 A7 02 10 00 81 02 10 01 21 02 10 0D 25 02 10 02 22 02 10 05 81 02 10 06 81 91 F7 AC 6F 12
12 38 00 C1 01 C0 02 01 A7 01 10 00 81 01 00 00 01 10 01 21 01 00 01 01 10 0D 25 02 00 4E 24 01 10 02 22 04 00 00 00 00 00 01 10 05 81 02 00 28 23 01 10 06 81 01 00 01 0A DA C2 53 12
12 21 00 53 01 C0 01 02 AA 02 10 00 81 02 10 01 21 02 10 0D 25 02 10 02 22 02 10 05 81 02 10 06 81 10 16 61 65 12
12 38 00 C1 01 C0 02 01 AA 01 10 00 81 01 00 00 01 10 01 21 01 00 01 01 10 0D 25 02 00 4E 24 01 10 02 22 04 00 00 00 00 00 01 10 05 81 02 00 28 23 01 10 06 81 01 00 01 07 E5 4A AE 12
12 16 00 AE 00 C0 01 03 01 07 10 11 00 82 40 42 0F 00 02 10 00 81 C5 6A E2 0B 12
12 1B 00 5C 01 C0 03 01 01 08 10 11 01 82 98 3A 00 00 00 00 01 10 00 81 01 00 00 71 76 13 64 12
12 21 00 53 01 C0 01 02 AF 02 10 00 81 02 10 01 21 02 10 0D 25 02 10 02 22 02 10 05 81 02 10 06 81 79 1F 03 62 12
12 38 00 C1 01 C0 02 01 AF 01 10 00 81 01 00 00 01 10 01 21 01 00 01 01 10 0D 25 02 00 4F 24 01 10 02 22 04 00 00 00 00 00 01 10 05 81 02 00 28 23 01 10 06 81 01 00 01 EA A1 B0 0B 12
12 16 00 AE 00 C0 01 03 01 07 10 11 00 82 40 42 0F 00 02 10 00 81 C5 6A E2 0B 12
12 1B 00 5C 01 C0 03 01 01 08 10 11 01 82 98 3A 00 00 00 00 01 10 00 81 01 00 00 71 76 13 64 12
12 21 00 53 01 C0 01 02 B6 02 10 00 81 02 10 01 21 02 10 0D 25 02 10 02 22 02 10 05 81 02 10 06 81 5C DB DD 46 75 12
12 38 00 C1 01 C0 02 01 B6 01 10 00 81 01 00 00 01 10 01 21 01 00 01 01 10 0D 25 02 00 4F 24 01 10 02 22 04 00 00 00 00 00 01 10 05 81 02 00 28 23 01 10 06 81 01 00 01 D5 EC 03 6D 12
12 16 00 AE 00 C0 01 03 01 07 10 11 00 82 40 42 0F 00 02 10 00 81 C5 6A E2 0B 12
12 1B 00 5C 01 C0 03 01 01 08 10 11 01 82 98 3A 00 00 00 00 01 10 00 81 01 00 00 71 76 13 64 12
12 21 00 53 01 C0 01 02 BD 02 10 00 81 02 10 01 21 02 10 0D 25 02 10 02 22 02 10 05 81 02 10 06 81 93 34 37 7A 12
12 38 00 C1 01 C0 02 01 BD 01 10 00 81 01 00 00 01 10 01 21 01 00 01 01 10 0D 25 02 00 4F 24 01 10 02 22 04 00 00 00 00 00 01 10 05 81 02 00 28 23 01 10 06 81 01 00 01 10 B9 2F 1D 12
12 16 00 AE 00 C0 01 03 01 07 10 11 00 82 40 42 0F 00 02 10 00 81 C5 6A E2 0B 12
12 1B 00 5C 01 C0 03 01 01 08 10 11 01 82 98 3A 00 00 00 00 01 10 00 81 01 00 00 71 76 13 64 12
12 16 00 AE 00 C0 01 03 01 07 10 11 00 82 40 42 0F 00 02 10 00 81 C5 6A E2 0B 12
12 1B 00 5C 01 C0 03 01 01 08 10 11 01 82 98 3A 00 00 00 00 01 10 00 81 01 00 00 71 76 13 64 12
12 21 00 53 01 C0 01 02 C4 02 10 00 81 02 10 01 21 02 10 0D 25 02 10 02 22 02 10 05 81 02 10 06 81 56 14 B2 36 12
12 38 00 C1 01 C0 02 01 C4 01 10 00 81 01 00 00 01 10 01 21 01 00 01 01 10 0D 25 02 00 4F 24 01 10 02 22 04 00 00 00 00 00 01 10 05 81 02 00 28 23 01 10 06 81 01 00 01 E2 75 E7 CC 12
12 16 00 AE 00 C0 01 03 01 07 10 11 00 82 40 42 0F 00 02 10 00 81 C5 6A E2 0B 12
12 1B 00 5C 01 C0 03 01 01 08 10 11 01 82 98 3A 00 00 00 00 01 10 00 81 01 00 00 71 76 13 64 12
12 21 00 53 01 C0 01 02 CB 02 10 00 81 02 10 01 21 02 10 0D 25 02 10 02 22 02 10 05 81 02 10 06 81 ED 0F 14 3F 12
12 38 00 C1 01 C0 02 01 CB 01 10 00 81 01 00 00 01 10 01 21 01 00 01 01 10 0D 25 02 00 4F 24 01 10 02 22 04 00 00 00 00 00 01 10 05 81 02 00 28 23 01 10 06 81 01 00 01 57 93 0C 4A 12
12 16 00 AE 00 C0 01 03 01 07 10 11 00 82 40 42 0F 00 02 10 00 81 C5 6A E2 0B 12
12 1B 00 5C 01 C0 03 01 01 08 10 11 01 82 98 3A 00 00 00 00 01 10 00 81 01 00 00 71 76 13 64 12
12 21 00 53 01 C0 01 02 D2 02 10 00 81 02 10 01 21 02 10 0D 25 02 10 02 22 02 10 05 81 02 10 06 81 C8 CB 51 28 12
12 38 00 C1 01 C0 02 01 D2 01 10 00 81 01 00 00 01 10 01 21 01 00 01 01 10 0D 25 02 00 4F 24 01 10 02 22 04 00 00 00 00 00 01 10 05 81 02 00 28 23 01 10 06 81 01 00 01 68 DE BF 2C 12
12 16 00 AE 00 C0 01 03 01 07 10 11 00 82 40 42 0F 00 02 10 00 81 C5 6A E2 0B 12
12 1B 00 5C 01 C0 03 01 01 08 10 11 01 82 98 3A 00 00 00 00 01 10 00 81 01 00 00 71 76 13 64 12
12 21 00 53 01 C0 01 02 D9 02 10 00 81 02 10 01 21 02 10 0D 25 02 10 02 22 02 10 05 81 02 10 06 81 07 24 20 27 12
12 38 00 C1 01 C0 02 01 D9 01 10 00 81 01 00 00 01 10 01 21 01 00 01 01 10 0D 25 02 00 50 24 01 10 02 22 04 00 00 00 00 90 06 00 D6 00 C0 00 02 01 07 10 11 00 82 00 42 0E 00 00 00 00 81 C5 6A E2 0B 12
12 21 00 53 01 C0 01 02 DC 02 10 00 81 02 10 01 21 02 10 0D 25 02 10 02 22 02 10 05 81 02 10 06 81 6E 2D 42 20 12
12 38 00 C1 01 C0 02 01 DC 01 10 00 81 01 00 00 01 10 01 21 01 00 01 01 10 0D 25 02 00 50 24 01 10 02 22 04 00 00 00 00 00 01 10 05 81 02 00 28 23 01 10 06 81 01 00 01 58 EF C6 D9 12
12 16 00 AE 00 C0 01 03 01 07 10 11 00 82 40 42 0F 00 02 10 00 81 C5 6A E2 0B 12
12 1B 00 5C 01 C0 03 01 01 08 10 11 01 82 98 3A 00 00 00 00 01 10 00 81 01 00 00 71 76 13 64 12
12 21 00 53 01 C0 01 02 E1 02 10 00 81 02 10 01 21 02 10 0D 25 02 10 02 22 02 10 05 81 02 10 06 81 9F BE 6F 07 12
12 38 00 C1 01 C0 02 01 E1 01 10 00 81 01 00 00 01 10 01 21 01 00 01 01 10 0D 25 02 00 50 24 01 10 02 22 04 00 00 00 00 00 01 10 05 81 02 00 28 23 01 10 06 81 01 00 01 93 93 4B 92 12
12 16 00 AE 00 C0 01 03 01 07 10 11 00 82 40 42 0F 00 02 10 00 81 C5 6A E2 0B 12
12 1B 00 5C 01 C0 03 01 01 08 10 11 01 82 98 3A 00 00 00 00 01 10 00 81 01 00 00 71 76 13 64 12
12 21 00 53 01 C0 01 02 E8 02 10 00 81 02 10 01 21 02 10 0D 25 02 10 02 22 02 10 05 81 02 10 06 81 6A AB 75 0B 12
12 38 00 C1 01 C0 02 01 E8 01 10 00 81 01 00 00 01 10 01 21 01 00 01 01 10 0D 25 02 00 50 24 01 10 02 22 04 00 00 00 00 00 01 10 05 81 02 00 28 23 01 10 06 81 01 00 01 EE 1F 04 99 12
12 16 00 AE 00 C0 01 03 01 07 10 11 00 82 40 42 0F 00 02 10 00 81 C5 6A E2 0B 12
12 1B 00 5C 01 C0 03 01 01 08 10 11 01 82 98 3A 00 00 00 00 01 10 00 81 01 00 00 71 76 13 64 12
12 21 00 53 01 C0 01 02 EF 02 10 00 81 02 10 01 21 02 10 0D 25 02 10 02 22 02 10 05 81 02 10 06 81 39 58 7C 0F 12
12 38 00 C1 01 C0 02 01 EF 01 10 00 81 01 00 00 01 10 01 21 01 00 01 01 10 0D 25 02 00 50 24 01 10 02 22 04 00 00 00 00 00 01 10 05 81 02 00 28 23 01 10 06 81 01 00 01 FA 99 11 29 12
12 16 00 AE 00 C0 01 03 01 07 10 11 00 82 40 42 0F 00 02 10 00 81 C5 6A E2 0B 12
12 1B 00 5C 01 C0 03 01 01 08 10 11 01 82 98 3A 00 00 00 00 01 10 00 81 01 00 00 71 76 13 64 12
12 21 00 53 01 C0 01 02 F6 02 10 00 81 02 10 01 21 02 10 0D 25 02 10 02 22 02 10 05 81 02 10 06 81 1C 9C 39 18 12
12 21 00 53 01 C0 01 02 F9 02 10 00 81 02 10 01 21 02 10 0D 25 02 10 02 22 02 10 05 81 02 10 06 81 A7 87 9F 11 12
12 38 00 C1 01 C0 02 01 F9 01 10 00 81 01 00 00 01 10 01 21 01 00 01 01 10 0D 25 02 00 50 24 01 10 02 22 04 00 00 00 00 00 01 10 05 81 02 00 28 23 01 10 06 81 01 00 01 70 32 49 C9 12
12 16 00 AE 00 C0 01 03 01 07 10 11 00 82 40 42 0F 00 02 10 00 81 C5 6A E2 0B 12
12 1B 00 5C 01 C0 03 01 01 08 10 11 01 82 98 3A 00 00 00 00 01 10 00 81 01 00 00 71 76 13 64 12
12 21 00 53 01 C0 01 02 FE 02 10 00 81 02 10 01 21 02 10 0D 25 02 10 02 22 02 10 05 81 02 10 06 81 F4 74 96 15 12
12 38 00 C1 01 C0 02 01 FE 01 10 00 81 01 00 00 01 10 01 21 01 00 01 01 10 0D 25 02 00 51 24 01 10 02 22 04 00 00 00 00 00 01 10 05 81 02 00 28 23 01 10 06 81 01 00 01 25 AF D0 17 12
12 16 00 AE 00 C0 01 03 01 07 10 11 00 82 40 42 0F 00 02 10 00 81 C5 6A E2 0B 12
12 1B 00 5C 01 C0 03 01 01 08 10 11 01 82 98 3A 00 00 00 00 01 10 00 81 01 00 00 71 76 13 64 12
12 21 00 53 01 C0 01 02 06 02 10 00 81 02 10 01 21 02 10 0D 25 02 10 02 22 02 10 05 81 02 10 06 81 AC 27 58 82 12
12 38 00 C1 01 C0 02 01 06 01 10 00 81 01 00 00 01 10 01 21 01 00 01 01 10 0D 25 02 00 51 24 01 10 02 22 04 00 00 00 00 00 01 10 05 81 02 00 28 23 01 10 06 81 01 00 01 99 89 AD 22 12
12 16 00 AE 00 C0 01 03 01 07 10 11 00 82 40 42 0F 00 02 10 00 81 C5 6A E2 0B 12
12 1B 00 5C 01 C0 03 01 01 08 10 11 01 82 98 3A 00 00 00 00 01 10 00 81 01 00 00 71 76 13 64 12
12 21 00 53 01 C0 01 02 0D 02 10 00 81 02 10 01 21 02 10 0D 25 02 10 02 22 02 10 05 81 02 10 06 81 63 C8 29 8D 12
12 38 00 C1 01 C0 02 01 0D 01 10 00 81 01 00 00 01 10 01 21 01 00 01 01 10 0D 25 02 00 51 24 01 10 02 22 04 00 00 00 00 00 01 10 05 81 02 00 28 23 01 10 06 81 01 00 01 5C DC 81 52 12
12 16 00 AE 00 C0 01 03 01 07 10 11 00 82 40 42 0F 00 02 10 00 81 C5 6A E2 0B 12
12 1B 00 5C 01 C0 03 01 01 08 10 11 01 82 98 3A 00 00 00 00 01 10 00 81 01 00 00 71 76 13 64 12
12 21 00 53 01 C0 01 02 14 02 10 00 81 02 10 01 21 02 10 0D 25 02 10 02 22 02 10 05 81 02 10 06 81 46 0C 6C 9A 12
12 16 00 AE 00 C0 01 03 01 07 10 11 00 82 40 42 0F 00 02 10 00 81 C5 6A E2 0B 12
12 1B 00 5C 01 C0 03 01 01 08 10 11 01 82 98 3A 00 00 00 00 01 10 00 81 01 00 00 71 76 13 64 12
12 21 00 53 01 C0 01 02 17 02 10 00 81 02 10 01 21 02 10 0D 25 02 10 02 22 02 10 05 81 02 10 06 81 61 0B B2 98 12
12 38 00 C1 01 C0 02 01 17 01 10 00 81 01 00 00 01 10 01 21 01 00 01 01 10 0D 25 02 00 51 24 01 10 02 22 04 00 00 00 00 00 01 10 05 81 02 00 28 23 01 10 06 81 01 00 01 07 A4 E0 72 12
12 16 00 AE 00 C0 01 03 01 07 10 11 00 82 40 42 0F 00 02 10 00 81 C5 6A E2 0B 12
12 1B 00 5C 01 C0 03 01 01 08 10 11 01 82 98 3A 00 00 00 00 01 10 00 81 01 00 00 71 76 13 64 12
12 21 00 53 01 C0 01 02 1C 02 10 00 81 02 10 01 21 02 10 0D 25 02 10 02 22 02 10 05 81 02 10 06 81 AE E4 C3 97 12
12 38 00 C1 01 C0 02 01 1C 01 10 00 81 01 00 00 01 10 01 21 01 00 01 01 10 0D 25 02 00 51 24 01 10 02 22 04 00 00 00 00 00 01 10 05 81 02 00 28 23 01 10 06 81 01 00 01 C2 F1 CC 02 12
12 16 00 AE 00 C0 01 03 01 07 10 11 00 82 40 42 0F 00 02 10 00 81 C5 6A E2 0B 12
12 1B 00 5C 01 C0 03 01 01 08 10 11 01 82 98 3A 00 00 00 00 01 10 00 81 01 00 00 71 76 13 64 12
12 21 00 53 01 C0 01 02 23 02 10 00 81 02 10 01 21 02 10 0D 25 02 10 02 22 02 10 05 81 02 10 06 81 65 8D 85 B3 12
12 38 00 C1 01 C0 02 01 23 01 10 00 81 01 00 00 01 10 01 21 01 00 01 01 10 0D 25 02 00 52 24 01 10 02 22 04 00 00 00 00 00 01 10 05 81 02 00 28 23 01 10 06 81 01 00 01 72 79 B6 81 12
12 16 00 AE 00 C0 01 03 01 07 10 11 00 82 40 42 0F 00 02 10 00 81 C5 6A E2 0B 12
12 1B 00 5C 01 C0 03 01 01 08 10 11 01 82 98 3A 00 00 00 00 01 10 00 81 01 00 00 71 76 13 64 12
12 21 00 53 01 C0 01 02 2A 02 10 00 81 02 10 01 21 02 10 0D 25 02 10 02 22 02 10 05 81 02 10 06 81 90 98 9F BF 12
12 38 00 C1 01 C0 02 01 2A 01 10 00 81 01 00 00 01 10 01 21 01 00 01 01 10 0D 25 02 00 52 24 01 10 02 22 04 00 00 00 00 00 01 10 05 81 02 00 28 23 01 10 06 81 01 00 01 0F F5 F9 8A 12
12 16 00 AE 00 C0 01 03 01 07 10 11 00 82 40 42 0F 00 02 10 00 81 C5 6A E2 0B 12
12 1B 00 5C 01 C0 03 01 01 08 10 11 01 82 98 3A 00 00 00 00 01 10 00 81 01 00 00 71 76 13 64 12
12 21 00 53 01 C0 01 02 32 02 10 00 81 02 10 01 21 02 10 0D 25 02 10 02 22 02 10 05 81 02 10 06 81 A8 A1 6F A9 12
12 16 00 AE 00 C0 01 03 01 07 10 11 00 82 00 00 00 00 02 10 00 81 48 54 1C BC 12
12 1B 00 5C 01 C0 03 01 01 08 10 11 01 82 98 3A 00 00 00 00 01 10 00 81 01 00 00 71 76 13 64 12
12 21 00 53 01 C0 01 02 35 02 10 00 81 02 10 01 21 02 10 0D 25 02 10 02 22 02 10 05 81 02 10 06 81 FB 52 66 AD 12
12 38 00 C1 01 C0 02 01 35 01 10 00 81 01 00 00 01 10 01 21 01 00 01 01 10 0D 25 02 00 52 24 01 10 02 22 04 00 00 00 00 00 01 10 05 81 02 00 28 23 01 10 06 81 01 00 01 F8 D2 EE 61 12
12 16 00 AE 00 C0 01 03 01 07 10 11 00 82 00 00 00 00 02 10 00 81 48 54 1C BC 12
12 1B 00 5C 01 C0 03 01 01 08 10 11 01 82 00 00 00 00 00 00 01 10 00 81 01 00 00 C0 30 AD 8F 12
12 21 00 53 01 C0 01 02 3A 02 10 00 81 02 10 01 21 02 10 0D 25 02 10 02 22 02 10 05 81 02 10 06 81 40 49 C0 A4 12
12 38 00 C1 01 C0 02 01 3A 01 10 00 81 01 00 00 01 10 01 21 01 00 01 01 10 0D 25 02 00 52 24 01 10 02 22 04 00 00 00 00 00 01 10 05 81 02 00 28 23 01 10 06 81 01 00 01 4D 34 05 E7 12 77 0B 00 FF 
12 1A 00 31 00 C0 FF 03 00 00 20 00 00 00 00 00 00 00 00 00 00 00 00 10 00 FF 06 DA EE 2D 12
12 1A 00 31 01 C0 FF 03 00 00 20 00 00 00 00 00 00 00 00 00 00 00 00 10 00 FF 21 BF CB AC 12
12 15 00 19 01 C0 01 02 03 02 10 0B 25 02 10 0C 25 02 10 14 81 70 CC CE 7A 12
12 22 00 E4 00 C0 01 03 01 07 10 13 02 10 02 81 02 10 01 02 02 10 15 81 02 10 14 81 16 82 00 00 01 00 68 CC 78 60 12
12 30 00 2B 01 C0 03 01 01 08 10 13 01 10 02 81 02 00 04 00 01 10 01 02 04 00 20 DB DE 0A 00 01 10 15 81 02 00 D8 72 01 10 14 81 02 00 76 48 01 00 CC B7 F6 8D 12
12 1A 00 31 01 C0 FF 03 00 00 20 00 00 00 00 00 00 00 00 00 00 00 00 10 00 FF 21 BF CB AC 12
12 1A 00 31 01 C0 FF 03 00 00 20 00 00 00 00 00 00 00 00 00 00 00 00 10 00 FF 21 BF CB AC 12
12 15 00 19 01 C0 01 02 03 02 10 0B 25 02 10 0C 25 02 10 14 81 70 CC CE 7A 12
12 22 00 E4 01 C0 01 03 01 07 10 13 02 10 02 81 02 10 01 02 02 10 15 81 02 10 14 81 16 82 00 00 01 00 C2 C9 A2 91 12
12 30 00 2B 01 C0 03 01 01 08 10 13 01 10 02 81 02 00 04 00 01 10 01 02 04 00 20 DB DE 0A 00 01 10 15 81 02 00 D8 72 01 10 14 81 02 00 76 48 01 00 CC B7 F6 8D 12
12 16 00 AE 00 C0 01 03 01 07 10 11 00 82 40 42 0F 00 02 10 00 81 C5 6A E2 0B 12
12 1B 00 5C 01 C0 03 01 01 08 10 11 01 82 98 3A 00 00 00 00 01 10 00 81 01 00 00 71 76 13 64 12
12 21 00 53 01 C0 01 02 04 02 10 00 81 02 10 01 21 02 10 0D 25 02 10 02 22 02 10 05 81 02 10 06 81 96 DD 33 81 12
12 13 00 B6 01 C0 01 02 06 06 03 00 16 16 82 00 00 00 00 14 F5 E1 3A 12
12 24 00 4B 01 C0 02 01 06 07 03 16 30 32 34 38 4A 42 2E 30 30 2E 30 33 2E 30 30 32 2E 30 30 30 38 00 01 00 21 AA 7A C0 12
12 16 00 AE 00 C0 01 03 01 07 10 11 00 82 40 42 0F 00 02 10 00 81 C5 6A E2 0B 12
12 1B 00 5C 01 C0 03 01 01 08 10 11 01 82 98 3A 00 00 00 00 01 10 00 81 01 00 00 71 76 13 64 12
12 21 00 53 01 C0 01 02 07 02 10 00 81 02 10 01 21 02 10 0D 25 02 10 02 22 02 10 05 81 02 10 06 81 B1 DA ED 83 12
12 38 00 C1 01 C0 02 01 07 01 10 00 81 01 00 00 01 10 01 21 01 00 00 01 10 0D 25 02 00 55 24 01 10 02 22 04 00 00 00 00 00 01 10 05 81 02 00 60 22 01 10 06 81 01 00 01 B7 FE 3F F3 12
12 16 00 AE 00 C0 01 03 01 07 10 11 00 82 40 42 0F 00 02 10 00 81 C5 6A E2 0B 12
12 1B 00 5C 01 C0 03 01 01 08 10 11 01 82 98 3A 00 00 00 00 01 10 00 81 01 00 00 71 76 13 64 12
12 21 00 53 01 C0 01 02 09 02 10 00 81 02 10 01 21 02 10 0D 25 02 10 02 22 02 10 05 81 02 10 06 81 17 3C FE 8B 12
12 38 00 C1 01 C0 02 01 09 01 10 00 81 01 00 00 01 10 01 21 01 00 00 01 10 0D 25 02 00 55 24 01 10 02 22 04 00 00 00 00 00 01 10 05 81 02 00 20 21 01 10 06 81 01 00 01 3A F0 78 18 12
12 16 00 AE 00 C0 01 03 01 07 10 11 00 82 40 42 0F 00 02 10 00 81 C5 6A E2 0B 12
12 1B 00 5C 01 C0 03 01 01 08 10 11 01 82 98 3A 00 00 00 00 01 10 00 81 01 00 00 71 76 13 64 12
12 21 00 53 01 C0 01 02 0B 02 10 00 81 02 10 01 21 02 10 0D 25 02 10 02 22 02 10 05 81 02 10 06 81 2D C6 95 88 12
12 38 00 C1 01 C0 02 01 0B 01 10 00 81 01 00 00 01 10 01 21 01 00 00 01 10 0D 25 02 00 55 24 01 10 02 22 04 00 00 00 00 00 01 10 05 81 02 00 F8 20 01 10 06 81 01 00 01 3D CA 6E 00 12
12 16 00 AE 00 C0 01 03 01 07 10 11 00 82 40 42 0F 00 02 10 00 81 C5 6A E2 0B 12
12 1B 00 5C 01 C0 03 01 01 08 10 11 01 82 98 3A 00 00 00 00 01 10 00 81 01 00 00 71 76 13 64 12
12 15 00 19 01 C0 01 02 0D 02 10 0B 25 02 10 0C 25 02 10 14 81 DB DD 3A 4C 5A 12
12 21 00 53 01 C0 02 01 0D 01 10 0B 25 02 00 A0 0F 01 10 0C 25 02 00 05 0F 01 10 14 81 02 00 76 48 94 AF 7E E6 12
12 16 00 AE 00 C0 01 03 01 07 10 11 00 82 40 42 0F 00 02 10 00 81 C5 6A E2 0B 12
12 1B 00 5C 01 C0 03 01 01 08 10 11 01 82 98 3A 00 00 00 00 01 10 00 81 01 00 00 71 76 13 64 12
12 21 00 53 01 C0 01 02 13 02 10 00 81 02 10 01 21 02 10 0D 25 02 10 02 22 02 10 05 81 02 10 06 81 15 FF 65 9E 12
12 38 00 C1 01 C0 02 01 13 01 10 00 81 01 00 00 01 10 01 21 01 00 00 01 10 0D 25 02 00 55 24 01 10 02 22 04 00 00 00 00 00 01 10 05 81 02 00 F8 20 01 10 06 81 01 00 01 DE 6B 6C 5B 12
12 21 00 53 01 C0 01 02 16 02 10 00 81 02 10 01 21 02 10 0D 25 02 10 02 22 02 10 05 81 02 10 06 81 7C F6 07 99 12
12 38 00 C1 01 C0 02 01 16 01 10 00 81 01 00 00 01 10 01 21 01 00 00 01 10 0D 25 02 00 55 24 01 10 02 22 04 00 00 00 00 00 01 10 05 81 02 00 F8 20 01 10 06 81 01 00 01 72 34 1A 90 12
12 16 00 AE 00 C0 01 03 01 07 10 11 00 82 40 42 0F 00 02 10 00 81 C5 6A E2 0B 12
12 1B 00 5C 01 C0 03 01 01 08 10 11 01 82 98 3A 00 00 00 00 01 10 00 81 01 00 00 71 76 13 64 12
12 21 00 53 01 C0 01 02 1B 02 10 00 81 02 10 01 21 02 10 0D 25 02 10 02 22 02 10 05 81 02 10 06 81 FD 17 CA 93 12
12 38 00 C1 01 C0 02 01 1B 01 10 00 81 01 00 00 01 10 01 21 01 00 00 01 10 0D 25 02 00 55 24 01 10 02 22 04 00 00 00 00 00 01 10 05 81 02 00 F8 20 01 10 06 81 01 00 01 7F 0B 92 6D 12
12 16 00 AE 00 C0 01 03 01 07 10 11 00 82 40 42 0F 00 02 10 00 81 C5 6A E2 0B 12
12 1B 00 5C 01 C0 03 01 01 08 10 11 01 82 98 3A 00 00 00 00 01 10 00 81 01 00 00 71 76 13 64 12
12 21 00 53 01 C0 01 02 22 02 10 00 81 02 10 01 21 02 10 0D 25 02 10 02 22 02 10 05 81 02 10 06 81 78 70 30 B2 12
12 38 00 C1 01 C0 02 01 22 01 10 00 81 01 00 00 01 10 01 21 01 00 00 01 10 0D 25 02 00 55 24 01 10 02 22 04 00 00 00 00 00 01 10 05 81 02 00 F8 20 01 10 06 81 01 00 01 C4 C4 D8 D0 12
12 16 00 AE 00 C0 01 03 01 07 10 11 00 82 40 42 0F 00 02 10 00 81 C5 6A E2 0B 12
12 1B 00 5C 01 C0 03 01 01 08 10 11 01 82 98 3A 00 00 00 00 01 10 00 81 01 00 00 71 76 13 64 12
12 21 00 53 01 C0 01 02 29 02 10 00 81 02 10 01 21 02 10 0D 25 02 10 02 22 02 10 05 81 02 10 06 81 B7 9F 41 BD 12
12 38 00 C1 01 C0 02 01 29 01 10 00 81 01 00 00 01 10 01 21 01 00 00 01 10 0D 25 02 00 55 24 01 10 02 22 04 00 00 00 00 00 01 10 05 81 02 00 F8 20 01 10 06 81 01 00 01 01 91 F4 A0 12
12 16 00 AE 00 C0 01 03 01 07 10 11 00 82 40 42 0F 00 02 10 00 81 C5 6A E2 0B 12
12 1B 00 5C 01 C0 03 01 01 08 10 11 01 82 98 3A 00 00 00 00 01 10 00 81 01 00 00 71 76 13 64 12
12 16 00 AE 00 C0 01 03 01 07 10 11 00 82 40 42 0F 00 02 10 00 81 C5 6A E2 0B 12
12 1B 00 5C 01 C0 03 01 01 08 10 11 01 82 98 3A 00 00 00 00 01 10 00 81 01 00 00 71 76 13 64 12
12 21 00 53 01 C0 01 02 30 02 10 00 81 02 10 01 21 02 10 0D 25 02 10 02 22 02 10 05 81 02 10 06 81 92 5B 04 AA 12
12 38 00 C1 01 C0 02 01 30 01 10 00 81 01 00 00 01 10 01 21 01 00 00 01 10 0D 25 02 00 55 24 01 10 02 22 04 00 00 00 00 00 01 10 05 81 02 00 E4 20 01 10 06 81 01 00 01 5B 6D B3 8C 12
12 21 00 53 01 C0 01 02 33 02 10 00 81 02 10 01 21 02 10 0D 25 02 10 02 22 02 10 05 81 02 10 06 81 B5 5C DA A8 12
12 38 00 C1 01 C0 02 01 33 01 10 00 81 01 00 00 01 10 01 21 01 00 00 01 10 0D 25 02 00 55 24 01 10 02 22 04 00 00 00 00 00 01 10 05 81 02 00 E4 20 01 10 06 81 01 00 01 3F 58 61 CA 12
12 16 00 AE 00 C0 01 03 01 07 10 11 00 82 40 42 0F 00 02 10 00 81 C5 6A E2 0B 12
12 1B 00 5C 01 C0 03 01 01 08 10 11 01 82 98 3A 00 00 00 00 01 10 00 81 01 00 00 71 76 13 64 12
12 21 00 53 01 C0 01 02 38 02 10 00 81 02 10 01 21 02 10 0D 25 02 10 02 22 02 10 05 81 02 10 06 81 7A B3 AB A7 12
12 38 00 C1 01 C0 02 01 38 01 10 00 81 01 00 00 01 10 01 21 01 00 00 01 10 0D 25 02 00 55 24 01 10 02 22 04 00 00 00 00 00 01 10 05 81 02 00 E4 20 01 10 06 81 01 00 01 FA 0D 4D BA 12
12 16 00 AE 00 C0 01 03 01 07 10 11 00 82 40 42 0F 00 02 10 00 81 C5 6A E2 0B 12
12 1B 00 5C 01 C0 03 01 01 08 10 11 01 82 98 3A 00 00 00 00 01 10 00 81 01 00 00 71 76 13 64 12
12 21 00 53 01 C0 01 02 3F 02 10 00 81 02 10 01 21 02 10 0D 25 02 10 02 22 02 10 05 81 02 10 06 81 29 40 A2 A3 12
12 38 00 C1 01 C0 02 01 3F 01 10 00 81 01 00 00 01 10 01 21 01 00 00 01 10 0D 25 02 00 55 24 01 10 02 22 04 00 00 00 00 00 01 10 05 81 02 00 E4 20 01 10 06 81 01 00 01 EE 8B 58 0A 12
12 16 00 AE 00 C0 01 03 01 07 10 11 00 82 40 42 0F 00 02 10 00 81 C5 6A E2 0B 12
12 1B 00 5C 01 C0 03 01 01 08 10 11 01 82 98 3A 00 00 00 00 01 10 00 81 01 00 00 71 76 13 64 12
12 21 00 53 01 C0 01 02 46 02 10 00 81 02 10 01 21 02 10 0D 25 02 10 02 22 02 10 05 81 02 10 06 81 EC 60 27 EF 12
12 38 00 C1 01 C0 02 01 46 01 10 00 81 01 00 00 01 10 01 21 01 00 00 01 10 0D 25 02 00 55 24 01 10 02 22 04 00 00 00 00 00 01 10 05 81 02 00 E4 20 01 10 06 81 01 00 01 1C 47 90 DB DD 12
12 16 00 AE 00 C0 01 03 01 07 10 11 00 82 40 42 0F 00 02 10 00 81 C5 6A E2 0B 12
12 1B 00 5C 01 C0 03 01 01 08 10 11 01 82 98 3A 00 00 00 00 01 10 00 81 01 00 00 71 76 13 64 12
12 16 00 AE 00 C0 01 03 01 07 10 11 00 82 40 42 0F 00 02 10 00 81 C5 6A E2 0B 12
12 1B 00 5C 01 C0 03 01 01 08 10 11 01 82 98 3A 00 00 00 00 01 10 00 81 01 00 00 71 76 13 64 12
12 21 00 53 01 C0 01 02 4D 02 10 00 81 02 10 01 21 02 10 0D 25 02 10 02 22 02 10 05 81 02 10 06 81 23 8F 56 E0 12
12 38 00 C1 01 C0 02 01 4D 01 10 00 81 01 00 00 01 10 01 21 01 00 00 01 10 0D 25 02 00 55 24 01 10 02 22 04 00 00 00 00 00 01 10 05 81 02 00 E4 20 01 10 06 81 01 00 01 D9 DB DE BC AB 12
12 21 00 53 01 C0 01 02 50 02 10 00 81 02 10 01 21 02 10 0D 25 02 10 02 22 02 10 05 81 02 10 06 81 72 BF C4 F1 12
12 38 00 C1 01 C0 02 01 50 01 10 00 81 01 00 00 01 10 01 21 01 00 00 01 10 0D 25 02 00 55 24 01 10 02 22 04 00 00 00 00 00 01 10 05 81 02 00 E4 20 01 10 06 81 01 00 01 96 EC C8 3B 12
12 16 00 AE 00 C0 01 03 01 07 10 11 00 82 40 42 0F 00 02 10 00 81 C5 6A E2 0B 12
12 1B 00 5C 01 C0 03 01 01 08 10 11 01 82 98 3A 00 00 00 00 01 10 00 81 01 00 00 71 76 13 64 12
12 21 00 53 01 C0 01 02 55 02 10 00 81 02 10 01 21 02 10 0D 25 02 10 02 22 02 10 05 81 02 10 06 81 1B B6 A6 F6 12
12 38 00 C1 01 C0 02 01 55 01 10 00 81 01 00 00 01 10 01 21 01 00 00 01 10 0D 25 02 00 55 24 01 10 02 22 04 00 00 00 00 00 01 10 05 81 02 00 D0 20 01 10 06 81 01 00 01 E4 22 63 83 12
12 16 00 AE 00 C0 01 03 01 07 10 11 00 82 40 42 0F 00 02 10 00 81 C5 6A E2 0B 12
12 1B 00 5C 01 C0 03 01 01 08 10 11 01 82 98 3A 00 00 00 00 01 10 00 81 01 00 00 71 76 13 64 12
12 21 00 53 01 C0 01 02 5C 02 10 00 81 02 10 01 21 02 10 0D 25 02 10 02 22 02 10 05 81 02 10 06 81 EE A3 BC FA 12
12 38 00 C1 01 C0 02 01 5C 01 10 00 81 01 00 00 01 10 01 21 01 00 00 01 10 0D 25 02 00 55 24 01 10 02 22 04 00 00 00 00 00 01 10 05 81 02 00 D0 20 01 10 06 81 01 00 01 99 AE 2C 88 12
12 16 00 AE 00 C0 01 03 01 07 10 11 00 82 40 42 0F 00 02 10 00 81 C5 6A E2 0B 12
12 1B 00 5C 01 C0 03 01 01 08 10 11 01 82 98 3A 00 00 00 00 01 10 00 81 01 00 00 71 76 13 64 12
12 21 00 53 01 C0 01 02 63 02 10 00 81 02 10 01 21 02 10 0D 25 02 10 02 22 02 10 05 81 02 10 06 81 25 CA FA DE 12
12 38 00 C1 01 C0 02 01 63 01 10 00 81 01 00 00 01 10 01 21 01 00 00 01 10 0D 25 02 00 55 24 01 10 02 22 04 00 00 00 00 00 01 10 05 81 02 00 D0 20 01 10 06 81 01 00 01 EA 0B C2 B8 12
12 16 00 AE 00 C0 01 03 01 07 10 11 00 82 40 42 0F 00 02 10 00 81 C5 6A E2 0B 12
12 1B 00 5C 01 C0 03 01 01 08 10 11 01 82 98 3A 00 00 00 00 01 10 00 81 01 00 00 71 76 13 64 12
12 16 00 AE 00 C0 01 03 01 07 10 11 00 82 40 42 0F 00 02 10 00 81 C5 6A E2 0B 12
12 1B 00 5C 01 C0 03 01 01 08 10 11 01 82 98 3A 00 00 00 00 01 10 00 81 01 00 00 71 76 13 64 12
12 21 00 53 01 C0 01 02 6A 02 10 00 81 02 10 01 21 02 10 0D 25 02 10 02 22 02 10 05 81 02 10 06 81 D0 DF E0 D2 12
12 38 00 C1 01 C0 02 01 6A 01 10 00 81 01 00 00 01 10 01 21 01 00 00 01 10 0D 25 02 00 55 24 01 10 02 22 04 00 00 00 00 00 01 10 05 81 02 00 D0 20 01 10 06 81 01 00 01 97 87 8D B3 12
12 21 00 53 01 C0 01 02 6D 02 10 00 81 02 10 01 21 02 10 0D 25 02 10 02 22 02 10 05 81 02 10 06 81 83 2C E9 D6 12
12 38 00 C1 01 C0 02 01 6D 01 10 00 81 01 00 00 01 10 01 21 01 00 00 01 10 0D 25 02 00 55 24 01 10 02 22 04 00 00 00 00 00 01 10 05 81 02 00 D0 20 01 10 06 81 01 00 01 83 01 98 03 12
12 16 00 AE 00 C0 01 03 01 07 10 11 00 82 40 42 0F 00 02 10 00 81 C5 6A E2 0B 12
12 1B 00 5C 01 C0 03 01 01 08 10 11 01 82 98 3A 00 00 00 00 01 10 00 81 01 00 00 71 76 13 64 12
12 21 00 53 01 C0 01 02 72 02 10 00 81 02 10 01 21 02 10 0D 25 02 10 02 22 02 10 05 81 02 10 06 81 E8 E6 10 C4 12
12 38 00 C1 01 C0 02 01 72 01 10 00 81 01 00 00 01 10 01 21 01 00 00 01 10 0D 25 02 00 55 24 01 10 02 22 04 00 00 00 00 00 01 10 05 81 02 00 D0 20 01 10 06 81 01 00 01 74 26 8F E8 12
12 16 00 AE 00 C0 01 03 01 07 10 11 00 82 40 42 0F 00 02 10 00 81 C5 6A E2 0B 12
12 1B 00 5C 01 C0 03 01 01 08 10 11 01 82 98 3A 00 00 00 00 01 10 00 81 01 00 00 71 76 13 64 12
12 21 00 53 01 C0 01 02 79 02 10 00 81 02 10 01 21 02 10 0D 25 02 10 02 22 02 10 05 81 02 10 06 81 27 09 61 CB 12
12 38 00 C1 01 C0 02 01 79 01 10 00 81 01 00 00 01 10 01 21 01 00 00 01 10 0D 25 02 00 55 24 01 10 02 22 04 00 00 00 00 00 01 10 05 81 02 00 D0 20 01 10 06 81 01 00 01 B1 73 A3 98 12
12 16 00 AE 00 C0 01 03 01 07 10 11 00 82 40 42 0F 00 02 10 00 81 C5 6A E2 0B 12
12 1B 00 5C 01 C0 03 01 01 08 10 11 01 82 98 3A 00 00 00 00 01 10 00 81 01 00 00 71 76 13 64 12
12 21 00 53 01 C0 01 02 80 02 10 00 81 02 10 01 21 02 10 0D 25 02 10 02 22 02 10 05 81 02 10 06 81 62 A7 1A 5D 12
12 38 00 C1 01 C0 02 01 80 01 10 00 81 01 00 00 01 10 01 21 01 00 00 01 10 0D 25 02 00 55 24 01 10 02 22 04 00 00 00 00 00 01 10 05 81 02 00 D0 20 01 10 06 81 01 00 01 D1 B9 6F 90 12
12 16 00 AE 00 C0 01 03 01 07 10 11 00 82 40 42 0F 00 02 10 00 81 C5 6A E2 0B 12
12 1B 00 5C 01 C0 03 01 01 08 10 11 01 82 98 3A 00 00 00 00 01 10 00 81 01 00 00 71 76 13 64 12
12 16 00 AE 00 C0 01 03 01 07 10 11 00 82 40 42 0F 00 02 10 00 81 C5 6A E2 0B 12
12 1B 00 5C 01 C0 03 01 01 08 10 11 01 82 98 3A 00 00 00 00 01 10 00 81 01 00 00 71 76 13 64 12
12 21 00 53 01 C0 01 02 87 02 10 00 81 02 10 01 21 02 10 0D 25 02 10 02 22 02 10 05 81 02 10 06 81 31 54 13 59 12
12 38 00 C1 01 C0 02 01 87 01 10 00 81 01 00 00 01 10 01 21 01 00 00 01 10 0D 25 02 00 55 24 01 10 02 22 04 00 00 00 00 00 01 10 05 81 02 00 D0 20 01 10 06 81 01 00 01 C5 3F 7A 20 12
12 16 00 AE 00 C0 01 03 01 07 10 11 00 82 40 42 0F 00 02 10 00 81 C5 6A E2 0B 12
12 1B 00 5C 01 C0 03 01 01 08 10 11 01 82 98 3A 00 00 00 00 01 10 00 81 01 00 00 71 76 13 64 12
12 21 00 53 01 C0 01 02 8E 02 10 00 81 02 10 01 21 02 10 0D 25 02 10 02 22 02 10 05 81 02 10 06 81 C4 41 09 55 12
12 38 00 C1 01 C0 02 01 8E 01 10 00 81 01 00 00 01 10 01 21 01 00 00 01 10 0D 25 02 00 55 24 01 10 02 22 04 00 00 00 00 00 01 10 05 81 02 00 D0 20 01 10 06 81 01 00 01 B8 B3 35 2B 12
12 16 00 AE 00 C0 01 03 01 07 10 11 00 82 40 42 0F 00 02 10 00 81 C5 6A E2 0B 12
12 1B 00 5C 01 C0 03 01 01 08 10 11 01 82 98 3A 00 00 00 00 01 10 00 81 01 00 00 71 76 13 64 12
12 21 00 53 01 C0 01 02 95 02 10 00 81 02 10 01 21 02 10 0D 25 02 10 02 22 02 10 05 81 02 10 06 81 DB DD 7F 27 41 12
12 38 00 C1 01 C0 02 01 95 01 10 00 81 01 00 00 01 10 01 21 01 00 00 01 10 0D 25 02 00 55 24 01 10 02 22 04 00 00 00 00 00 01 10 05 81 02 00 D0 20 01 10 06 81 01 00 01 3F 27 E5 36 12
12 16 00 AE 00 C0 01 03 01 07 10 11 00 82 40 42 0F 00 02 10 00 81 C5 6A E2 0B 12
12 1B 00 5C 01 C0 03 01 01 08 10 11 01 82 98 3A 00 00 00 00 01 10 00 81 01 00 00 71 76 13 64 12
12 21 00 53 01 C0 01 02 9C 02 10 00 81 02 10 01 21 02 10 0D 25 02 10 02 22 02 10 05 81 02 10 06 81 2E 6A 3D 4D 12
12 38 00 C1 01 C0 02 01 9C 01 10 00 81 01 00 00 01 10 01 21 01 00 00 01 10 0D 25 02 00 55 24 01 10 02 22 04 00 00 00 00 00 01 10 05 81 02 00 D0 20 01 10 06 81 01 00 01 42 AB AA 3D 12
12 16 00 AE 00 C0 01 03 01 07 10 11 00 82 40 42 0F 00 02 10 00 81 C5 6A E2 0B 12
12 1B 00 5C 01 C0 03 01 01 08 10 11 01 82 98 3A 00 00 00 00 01 10 00 81 01 00 00 71 76 13 64 12
12 16 00 AE 00 C0 01 03 01 07 10 11 00 82 40 42 0F 00 02 10 00 81 C5 6A E2 0B 12
12 1B 00 5C 01 C0 03 01 01 08 10 11 01 82 98 3A 00 00 00 00 01 10 00 81 01 00 00 71 76 13 64 12
12 21 00 53 01 C0 01 02 A3 02 10 00 81 02 10 01 21 02 10 0D 25 02 10 02 22 02 10 05 81 02 10 06 81 E5 03 7B 69 12
12 38 00 C1 01 C0 02 01 A3 01 10 00 81 01 00 00 01 10 01 21 01 00 00 01 10 0D 25 02 00 55 24 01 10 02 22 04 00 00 00 00 00 01 10 05 81 02 00 D0 20 01 10 06 81 01 00 01 31 0E 44 0D 12
12 16 00 AE 00 C0 01 03 01 07 10 11 00 82 40 42 0F 00 02 10 00 81 C5 6A E2 0B 12
12 1B 00 5C 01 C0 03 01 01 08 10 11 01 82 98 3A 00 00 00 00 01 10 00 81 01 00 00 71 76 13 64 12
12 21 00 53 01 C0 01 02 AA 02 10 00 81 02 10 01 21 02 10 0D 25 02 10 02 22 02 10 05 81 02 10 06 81 10 16 61 65 12
12 38 00 C1 01 C0 02 01 AA 01 10 00 81 01 00 00 01 10 01 21 01 00 00 01 10 0D 25 02 00 55 24 01 10 02 22 04 00 00 00 00 00 01 10 05 81 02 00 C1 20 01 10 06 81 01 00 01 7E D4 B0 BD 12
12 16 00 AE 00 C0 01 03 01 07 10 11 00 82 40 42 0F 00 02 10 00 81 C5 6A E2 0B 12
12 1B 00 5C 01 C0 03 01 01 08 10 11 01 82 98 3A 00 00 00 00 01 10 00 81 01 00 00 71 76 13 64 12
12 21 00 53 01 C0 01 02 B1 02 10 00 81 02 10 01 21 02 10 0D 25 02 10 02 22 02 10 05 81 02 10 06 81 0F 28 4F 71 12
12 38 00 C1 01 C0 02 01 B1 01 10 00 81 01 00 00 01 10 01 21 01 00 00 01 10 0D 25 02 00 55 24 01 10 02 22 04 00 00 00 00 00 01 10 05 81 02 00 C1 20 01 10 06 81 01 00 01 F9 40 60 A0 12
12 16 00 AE 00 C0 01 03 01 07 10 11 00 82 40 42 0F 00 02 10 00 81 C5 6A E2 0B 12
12 1B 00 5C 01 C0 03 01 01 08 10 11 01 82 98 3A 00 00 00 00 01 10 00 81 01 00 00 71 76 13 64 12
12 21 00 53 01 C0 01 02 B8 02 10 00 81 02 10 01 21 02 10 0D 25 02 10 02 22 02 10 05 81 02 10 06 81 FA 3D 55 7D 12
12 38 00 C1 01 C0 41 16 00 AE 00 C0 01 03 01 83 10 11 00 82 40 42 0F 00 02 10 00 01 45 6A C2 0B 12 30 00 00 00 00 01 10 05 81 02 00 C1 20 01 10 06 81 01 00 01 84 CC 2F AB 12
12 38 00 C1 01 C0 02 01 BB 01 10 00 81 01 00 00 01 10 01 21 01 00 00 01 10 0D 25 02 00 55 24 01 10 02 22 04 00 00 00 00 00 01 10 05 81 02 00 C1 20 01 10 06 81 01 00 01 E0 F9 FD ED 12
12 16 00 AE 00 C0 01 03 01 07 10 11 00 82 40 42 0F 00 02 10 00 81 C5 6A E2 0B 12
12 1B 00 5C 01 C0 03 01 01 08 10 11 01 82 98 3A 00 00 00 00 01 10 00 81 01 00 00 71 76 13 64 12
12 21 00 53 01 C0 01 02 C0 02 10 00 81 02 10 01 21 02 10 0D 25 02 10 02 22 02 10 05 81 02 10 06 81 22 E0 65 30 12
12 38 00 C1 01 C0 02 01 C0 01 10 00 81 01 00 00 01 10 01 21 01 00 00 01 10 0D 25 02 00 55 24 01 10 02 22 04 00 00 00 00 00 01 10 05 81 02 00 C1 20 01 10 06 81 01 00 01 AA EC 56 47 12