12 1A 00 31 00 C0 FF 03 00 00 20 00 00 00 00 00 00 00 00 00 00 00 00 10 00 FF 06 DA EE 2D 12
12 1A 00 31 01 C0 FF 03 00 00 20 00 00 00 00 00 00 00 00 00 00 00 00 10 00 FF 21 BF CB AC 12
12 15 00 19 01 C0 01 02 03 02 10 0B 25 02 10 0C 25 02 10 14 81 70 CC CE 7A 12
12 22 00 E4 00 C0 01 03 01 07 10 13 02 10 02 81 02 10 01 02 02 10 15 81 02 10 14 81 16 82 00 00 01 00 68 CC 78 60 12
12 1A 00 31 01 C0 FF 03 00 00 20 00 00 00 00 00 00 00 00 00 00 00 00 10 00 FF 21 BF CB AC 12
12 1A 00 31 01 C0 FF 03 00 00 20 00 00 00 00 00 00 00 00 00 00 00 00 10 00 FF 21 BF CB AC 12
12 15 00 19 01 C0 01 02 03 02 10 0B 25 02 10 0C 25 02 10 14 81 70 CC CE 7A 12
12 22 00 E4 01 C0 01 03 01 07 10 13 02 10 02 81 02 10 01 02 02 10 15 81 02 10 14 81 16 82 00 00 01 00 C2 C9 A2 91 12
12 22 00 E4 00 C0 01 03 01 07 10 13 02 10 02 81 02 10 01 02 02 10 15 81 02 10 14 81 16 82 00 00 01 00 68 CC 78 60 12
12 21 00 53 01 C0 01 02 04 02 10 00 81 02 10 01 21 02 10 0D 25 02 10 02 22 02 10 05 81 02 10 06 81 96 DD 33 81 12
12 13 00 B6 01 C0 01 02 06 06 03 00 16 16 82 00 00 00 00 14 F5 E1 3A 12
12 22 00 E4 00 C0 01 03 01 07 10 13 02 10 02 81 02 10 01 02 02 10 15 81 02 10 14 81 16 82 00 00 01 00 68 CC 78 60 12
12 21 00 53 01 C0 01 02 07 02 10 00 81 02 10 01 21 02 10 0D 25 02 10 02 22 02 10 05 81 02 10 06 81 B1 DA ED 83 12
12 22 00 E4 00 C0 01 03 01 07 10 13 02 10 02 81 02 10 01 02 02 10 15 81 02 10 14 81 16 82 00 00 01 00 68 CC 78 60 12
12 21 00 53 01 C0 01 02 09 02 10 00 81 02 10 01 21 02 10 0D 25 02 10 02 22 02 10 05 81 02 10 06 81 17 3C FE 8B 12
12 22 00 E4 00 C0 01 03 01 07 10 13 02 10 02 81 02 10 01 02 02 10 15 81 02 10 14 81 16 82 00 00 01 00 68 CC 78 60 12
12 21 00 53 01 C0 01 02 0B 02 10 00 81 02 10 01 21 02 10 0D 25 02 10 02 22 02 10 05 81 02 10 06 81 2D C6 95 88 12
12 15 00 19 01 C0 01 02 0D 02 10 0B 25 02 10 0C 25 02 10 14 81 DB DD 3A 4C 5A 12
12 22 00 E4 00 C0 01 03 01 07 10 13 02 10 02 81 02 10 01 02 02 10 15 81 02 10 14 81 16 82 00 00 01 00 68 CC 78 60 12
12 22 00 E4 00 C0 01 03 01 07 10 13 02 10 02 81 02 10 01 02 02 10 15 81 02 10 14 81 16 82 00 00 01 00 68 CC 78 60 12
12 21 00 53 01 C0 01 02 13 02 10 00 81 02 10 01 21 02 10 0D 25 02 10 02 22 02 10 05 81 02 10 06 81 15 FF 65 9E 12
12 13 00 B6 01 C0 01 02 16 06 03 00 16 16 82 00 00 00 00 E8 18 F9 36 12 00 
12 1A 00 31 00 C0 FF 03 00 00 20 00 00 00 00 00 00 00 00 00 00 00 00 10 00 FF 06 DA EE 2D 12
12 1A 00 31 01 C0 FF 03 00 00 20 00 00 00 00 00 00 00 00 00 00 00 00 10 00 FF 21 BF CB AC 12
12 15 00 19 01 C0 01 02 03 02 10 0B 25 02 10 0C 25 02 10 14 81 70 CC CE 7A 12
12 22 00 E4 00 C0 01 03 01 07 10 13 02 10 02 81 02 10 01 02 02 10 15 81 02 10 14 81 16 82 00 00 01 00 68 CC 78 60 12
12 1A 00 31 01 C0 FF 03 00 00 20 00 00 00 00 00 00 00 00 00 00 00 00 10 00 FF 21 BF CB AC 12
12 1A 00 31 01 C0 FF 03 00 00 20 00 00 00 00 00 00 00 00 00 00 00 00 10 00 FF 21 BF CB AC 12
12 15 00 19 01 C0 01 02 03 02 10 0B 25 02 10 0C 25 02 10 14 81 70 CC CE 7A 12
12 22 00 E4 01 C0 01 03 01 07 10 13 02 10 02 81 02 10 01 02 02 10 15 81 02 10 14 81 16 82 00 00 01 00 C2 C9 A2 91 12
12 22 00 E4 00 C0 01 03 01 07 10 13 02 10 02 81 02 10 01 02 02 10 15 81 02 10 14 81 16 82 00 00 01 00 68 CC 78 60 12
12 21 00 53 01 C0 01 02 04 02 10 00 81 02 10 01 21 02 10 0D 25 02 10 02 22 02 10 05 81 02 10 06 81 96 DD 33 81 12
12 13 00 B6 01 C0 01 02 06 06 03 00 16 16 82 00 00 00 00 14 F5 E1 3A 12
12 22 00 E4 00 C0 01 03 01 07 10 13 02 10 02 81 02 10 01 02 02 10 15 81 02 10 14 81 16 82 00 00 01 00 68 CC 78 60 12
12 21 00 53 01 C0 01 02 07 02 10 00 81 02 10 01 21 02 10 0D 25 02 10 02 22 02 10 05 81 02 10 06 81 B1 DA ED 83 12
12 22 00 E4 00 C0 01 03 01 07 10 13 02 10 02 81 02 10 01 02 02 10 15 81 02 10 14 81 16 82 00 00 01 00 68 CC 78 60 12
12 21 00 53 01 C0 01 02 09 02 10 00 81 02 10 01 21 02 10 0D 25 02 10 02 22 02 10 05 81 02 10 06 81 17 3C FE 8B 12
12 22 00 E4 00 C0 01 03 01 07 10 13 02 10 02 81 02 10 01 02 02 10 15 81 02 10 14 81 16 82 00 00 01 00 68 CC 78 60 12
12 21 00 53 01 C0 01 02 0B 02 10 00 81 02 10 01 21 02 10 0D 25 02 10 02 22 02 10 05 81 02 10 06 81 2D C6 95 88 12
12 22 00 E4 00 C0 01 03 01 07 10 13 02 10 02 81 02 10 01 02 02 10 15 81 02 10 14 81 16 82 00 00 01 00 68 CC 78 60 12
12 15 00 19 01 C0 01 02 0D 02 10 0B 25 02 10 0C 25 02 10 14 81 DB DD 3A 4C 5A 12
12 22 00 E4 00 C0 01 03 01 07 10 13 02 10 02 81 02 10 01 02 02 10 15 81 02 10 14 81 16 82 00 00 01 00 68 CC 78 60 12
12 21 00 53 01 C0 01 02 13 02 10 00 81 02 10 01 21 02 10 0D 25 02 10 02 22 02 10 05 81 02 10 06 81 15 FF 65 9E 12
12 13 00 B6 01 C0 01 02 16 06 03 00 16 16 82 00 00 00 00 E8 18 F9 36 12
12 22 00 E4 00 C0 01 03 01 07 10 13 02 10 02 81 02 10 01 02 02 10 15 81 02 10 14 81 16 82 00 00 01 00 68 CC 78 60 12
12 21 00 53 01 C0 01 02 1B 02 10 00 81 02 10 01 21 02 10 0D 25 02 10 02 22 02 10 05 81 02 10 06 81 FD 17 CA 93 12
12 22 00 E4 00 C0 01 03 01 07 10 13 02 10 02 81 02 10 01 02 02 10 15 81 02 10 14 81 16 82 00 00 01 00 68 CC 78 60 12
12 21 00 53 01 C0 01 02 22 02 10 00 81 02 10 01 21 02 10 0D 25 02 10 02 22 02 10 05 81 02 10 06 81 78 70 30 B2 12
12 22 00 E4 00 C0 01 03 01 07 10 13 02 10 02 81 02 10 01 02 02 10 15 81 02 10 14 81 16 82 00 00 01 00 68 CC 78 60 12
12 22 00 E4 00 C0 01 03 01 07 10 13 02 10 02 81 02 10 01 02 02 10 15 81 02 10 14 81 16 82 00 00 01 00 68 CC 78 60 12
12 16 00 AE 00 C0 01 03 01 07 10 DB DE 00 82 98 3A 00 00 02 10 00 81 D7 BA B5 68 12
12 21 00 53 01 C0 01 02 29 02 10 00 81 02 10 01 21 02 10 0D 25 02 10 02 22 02 10 05 81 02 10 06 81 B7 9F 41 BD 12
12 15 00 19 01 C0 01 02 2C 02 10 0B 25 02 10 0C 25 02 10 14 81 37 D0 1B E3 12
12 16 00 AE 00 C0 01 03 01 07 10 DB DE 00 82 98 3A 00 00 02 10 00 81 D7 BA B5 68 12
12 21 00 53 01 C0 01 02 31 02 10 00 81 02 10 01 21 02 10 0D 25 02 10 02 22 02 10 05 81 02 10 06 81 8F A6 B1 AB 12
12 13 00 B6 01 C0 01 02 34 06 03 00 16 16 82 00 00 00 00 8F 5D F3 C2 12
12 16 00 AE 00 C0 01 03 01 07 10 DB DE 00 82 98 3A 00 00 02 10 00 81 D7 BA B5 68 12
12 21 00 53 01 C0 01 02 39 02 10 00 81 02 10 01 21 02 10 0D 25 02 10 02 22 02 10 05 81 02 10 06 81 67 4E 1E A6 12
12 16 00 AE 00 C0 01 03 01 07 10 DB DE 00 82 98 3A 00 00 02 10 00 81 D7 BA B5 68 12
12 21 00 53 01 C0 01 02 40 02 10 00 81 02 10 01 21 02 10 0D 25 02 10 02 22 02 10 05 81 02 10 06 81 A2 6E 9B EA 12
12 16 00 AE 00 C0 01 03 01 07 10 DB DE 00 82 98 3A 00 00 02 10 00 81 D7 BA B5 68 12
12 21 00 53 01 C0 01 02 47 02 10 00 81 02 10 01 21 02 10 0D 25 02 10 02 22 02 10 05 81 02 10 06 81 F1 9D 92 EE 12
12 15 00 19 01 C0 01 02 4A 02 10 0B 25 02 10 0C 25 02 10 14 81 54 34 CB 89 12
12 16 00 AE 00 C0 01 03 01 07 10 DB DE 00 82 98 3A 00 00 02 10 00 81 D7 BA B5 68 12
12 21 00 53 01 C0 01 02 4F 02 10 00 81 02 10 01 21 02 10 0D 25 02 10 02 22 02 10 05 81 02 10 06 81 19 75 3D E3 12
12 13 00 B6 01 C0 01 02 52 06 03 00 16 16 82 00 00 00 00 67 94 9C 05 12
12 16 00 AE 00 C0 01 03 01 07 10 DB DE 00 82 98 3A 00 00 02 10 00 81 D7 BA B5 68 12
12 21 00 53 01 C0 01 02 57 02 10 00 81 02 10 01 21 02 10 0D 25 02 10 02 22 02 10 05 81 02 10 06 81 21 4C CD F5 12
12 16 00 AE 00 C0 01 03 01 07 10 DB DE 00 82 98 3A 00 00 02 10 00 81 D7 BA B5 68 12
12 21 00 53 01 C0 01 02 5E 02 10 00 81 02 10 01 21 02 10 0D 25 02 10 02 22 02 10 05 81 02 10 06 81 D4 59 D7 F9 12
12 16 00 AE 00 C0 01 03 01 07 10 DB DE 00 82 98 3A 00 00 02 10 00 81 D7 BA B5 68 12
12 21 00 53 01 C0 01 02 65 02 10 00 81 02 10 01 21 02 10 0D 25 02 10 02 22 02 10 05 81 02 10 06 81 6B C4 46 DB DD 12
12 15 00 19 01 C0 01 02 68 02 10 0B 25 02 10 0C 25 02 10 14 81 4A 6A 54 19 12
12 16 00 AE 00 C0 01 03 01 07 10 DB DE 00 82 98 3A 00 00 02 10 00 81 D7 BA B5 68 12
12 21 00 53 01 C0 01 02 6D 02 10 00 81 02 10 01 21 02 10 0D 25 02 10 02 22 02 10 05 81 02 10 06 81 83 2C E9 D6 12
12 13 00 B6 01 C0 01 02 70 06 03 00 16 16 82 00 00 00 00 00 D1 96 F1 12
12 16 00 AE 00 C0 01 03 01 07 10 DB DE 00 82 98 3A 00 00 02 10 00 81 D7 BA B5 68 12
12 21 00 53 01 C0 01 02 75 02 10 00 81 02 10 01 21 02 10 0D 25 02 10 02 22 02 10 05 81 02 10 06 81 BB 15 19 C0 12
12 16 00 AE 00 C0 01 03 01 07 10 DB DE 00 82 98 3A 00 00 02 10 00 81 D7 BA B5 68 12
12 21 00 53 01 C0 01 02 7C 02 10 00 81 02 10 01 21 02 10 0D 25 02 10 02 22 02 10 05 81 02 10 06 81 4E 00 03 CC 12
12 16 00 AE 00 C0 01 03 01 07 10 DB DE 00 82 98 3A 00 00 02 10 00 81 D7 BA B5 68 12
12 21 00 53 01 C0 01 02 83 02 10 00 81 02 10 01 21 02 10 0D 25 02 10 02 22 02 10 05 81 02 10 06 81 45 A0 C4 5F 12
12 15 00 19 01 C0 01 02 86 02 10 0B 25 02 10 0C 25 02 10 14 81 92 FC 6A 5C 12
12 16 00 AE 00 C0 01 03 01 07 10 DB DE 00 82 98 3A 00 00 02 10 00 81 D7 BA B5 68 12
12 21 00 53 01 C0 01 02 8B 02 10 00 81 02 10 01 21 02 10 0D 25 02 10 02 22 02 10 05 81 02 10 06 81 AD 48 6B 52 12
12 13 00 B6 01 C0 01 02 8E 06 03 00 16 16 82 00 00 00 00 0A EC 2A 5C 12
12 16 00 AE 00 C0 01 03 01 07 10 DB DE 00 82 98 3A 00 00 02 10 00 81 D7 BA B5 68 12
12 21 00 53 01 C0 01 02 93 02 10 00 81 02 10 01 21 02 10 0D 25 02 10 02 22 02 10 05 81 02 10 06 81 95 71 9B 44 12
12 16 00 AE 00 C0 01 03 01 07 10 DB DE 00 82 98 3A 00 00 02 10 00 81 D7 BA B5 68 12
12 21 00 53 01 C0 01 02 9A 02 10 00 81 02 10 01 21 02 10 0D 25 02 10 02 22 02 10 05 81 02 10 06 81 60 64 81 48 12
12 16 00 AE 00 C0 01 03 01 07 10 DB DE 00 82 98 3A 00 00 02 10 00 81 D7 BA B5 68 12
12 21 00 53 01 C0 01 02 A1 02 10 00 81 02 10 01 21 02 10 0D 25 02 10 02 22 02 10 05 81 02 10 06 81 DF F9 10 6A 12
12 15 00 19 01 C0 01 02 A4 02 10 0B 25 02 10 0C 25 02 10 14 81 8C A2 F5 CC 12
12 16 00 AE 00 C0 01 03 01 07 10 DB DE 00 82 98 3A 00 00 02 10 00 81 D7 BA B5 68 12
12 21 00 53 01 C0 01 02 A9 02 10 00 81 02 10 01 21 02 10 0D 25 02 10 02 22 02 10 05 81 02 10 06 81 37 11 BF 67 12
12 13 00 B6 01 C0 01 02 AC 06 03 00 16 16 82 00 00 00 00 6D A9 20 A8 12
12 16 00 AE 00 C0 01 03 01 07 10 DB DE 00 82 98 3A 00 00 02 10 00 81 D7 BA B5 68 12
12 21 00 53 01 C0 01 02 B1 02 10 00 81 02 10 01 21 02 10 0D 25 02 10 02 22 02 10 05 81 02 10 06 81 0F 28 4F 71 12
12 16 00 AE 00 C0 01 03 01 07 10 DB DE 00 82 98 3A 00 00 02 10 00 81 D7 BA B5 68 12
12 21 00 53 01 C0 01 02 B8 02 10 00 81 02 10 01 21 02 10 0D 25 02 10 02 22 02 10 05 81 02 10 06 81 FA 3D 55 7D 12
12 16 00 AE 00 C0 01 03 01 07 10 DB DE 00 82 98 3A 00 00 02 10 00 81 D7 BA B5 68 12
12 21 00 53 01 C0 01 02 BF 02 10 00 81 02 10 01 21 02 10 0D 25 02 10 02 22 02 10 05 81 02 10 06 81 A9 CE 5C 79 12
12 15 00 19 01 C0 01 02 C2 02 10 0B 25 02 10 0C 25 02 10 14 81 EF 46 25 A6 12
12 16 00 AE 00 C0 01 03 01 07 10 DB DE 00 82 98 3A 00 00 02 10 00 81 D7 BA B5 68 12
12 21 00 53 01 C0 01 02 C7 02 10 00 81 02 10 01 21 02 10 0D 25 02 10 02 22 02 10 05 81 02 10 06 81 71 13 6C 34 12
12 13 00 B6 01 C0 01 02 CA 06 03 00 16 16 82 00 00 00 00 85 60 4F 6F 12
12 16 00 AE 00 C0 01 03 01 07 10 DB DE 00 82 98 3A 00 00 02 10 00 81 D7 BA B5 68 12
12 21 00 53 01 C0 01 02 CF 02 10 00 81 02 10 01 21 02 10 0D 25 02 10 02 22 02 10 05 81 02 10 06 81 99 FB C3 39 12
12 16 00 AE 00 C0 01 03 01 07 10 DB DE 00 82 98 3A 00 00 02 10 00 81 D7 BA B5 68 12
12 21 00 53 01 C0 01 02 D6 02 10 00 81 02 10 01 21 02 10 0D 25 02 10 02 22 02 10 05 81 02 10 06 81 BC 3F 86 2E 12
12 16 00 AE 00 C0 01 03 01 07 10 DB DE 00 82 98 3A 00 00 02 10 00 81 D7 BA B5 68 12
12 21 00 53 01 C0 01 02 DD 02 10 00 81 02 10 01 21 02 10 0D 25 02 10 02 22 02 10 05 81 02 10 06 81 73 D0 F7 21 12
12 15 00 19 01 C0 01 02 E0 02 10 0B 25 02 10 0C 25 02 10 14 81 F1 18 BA 36 12
12 16 00 AE 00 C0 01 03 01 07 10 DB DE 00 82 98 3A 00 00 02 10 00 81 D7 BA B5 68 12
12 21 00 53 01 C0 01 02 E5 02 10 00 81 02 10 01 21 02 10 0D 25 02 10 02 22 02 10 05 81 02 10 06 81 EB 4A B8 01 12
12 13 00 B6 01 C0 01 02 E8 06 03 00 16 16 82 00 00 00 00 E2 25 45 9B 12
12 16 00 AE 00 C0 01 03 01 07 10 DB DE 00 82 98 3A 00 00 02 10 00 81 D7 BA B5 68 12
12 21 00 53 01 C0 01 02 ED 02 10 00 81 02 10 01 21 02 10 0D 25 02 10 02 22 02 10 05 81 02 10 06 81 03 A2 17 0C 12
12 16 00 AE 00 C0 01 03 01 07 10 DB DE 00 82 98 3A 00 00 02 10 00 81 D7 BA B5 68 12
12 21 00 53 01 C0 01 02 F4 02 10 00 81 02 10 01 21 02 10 0D 25 02 10 02 22 02 10 05 81 02 10 06 81 26 66 52 1B 12
12 16 00 AE 00 C0 01 03 01 07 10 DB DE 00 82 98 3A 00 00 02 10 00 81 D7 BA B5 68 12
12 21 00 53 01 C0 01 02 FB 02 10 00 81 02 10 01 21 02 10 0D 25 02 10 02 22 02 10 05 81 02 10 06 81 9D 7D F4 DB DE 12
12 15 00 19 01 C0 01 02 FE 02 10 0B 25 02 10 0C 25 02 10 14 81 C4 D0 1F F0 12
12 16 00 AE 00 C0 01 03 01 07 10 DB DE 00 82 98 3A 00 00 02 10 00 81 D7 BA B5 68 12
12 21 00 53 01 C0 01 02 04 02 10 00 81 02 10 01 21 02 10 0D 25 02 10 02 22 02 10 05 81 02 10 06 81 96 DD 33 81 12
12 13 00 B6 01 C0 01 02 07 06 03 00 16 16 82 00 00 00 00 7B B9 44 A1 12
12 16 00 AE 00 C0 01 03 01 07 10 DB DE 00 82 98 3A 00 00 02 10 00 81 D7 BA B5 68 12
12 21 00 53 01 C0 01 02 0C 02 10 00 81 02 10 01 21 02 10 0D 25 02 10 02 22 02 10 05 81 02 10 06 81 7E 35 9C 8C 12
12 16 00 AE 00 C0 01 03 01 07 10 DB DE 00 82 98 3A 00 00 02 10 00 81 D7 BA B5 68 12
12 21 00 53 01 C0 01 02 13 02 10 00 81 02 10 01 21 02 10 0D 25 02 10 02 22 02 10 05 81 02 10 06 81 15 FF 65 9E 12
12 16 00 AE 00 C0 01 03 01 07 10 DB DE 00 82 98 3A 00 00 02 10 00 81 D7 BA B5 68 12
12 21 00 53 01 C0 01 02 1A 02 10 00 81 02 10 01 21 02 10 0D 25 02 10 02 22 02 10 05 81 02 10 06 81 E0 EA 7F 92 12
12 15 00 19 01 C0 01 02 1D 02 10 0B 25 02 10 0C 25 02 10 14 81 45 04 6B BC 12
12 16 00 AE 00 C0 01 03 01 07 10 DB DE 00 82 98 3A 00 00 02 10 00 81 D7 BA B5 68 12
12 21 00 53 01 C0 01 02 22 02 10 00 81 02 10 01 21 02 10 0D 25 02 10 02 22 02 10 05 81 02 10 06 81 78 70 30 B2 12
12 13 00 B6 01 C0 01 02 25 06 03 00 16 16 82 00 00 00 00 1C FC 4E 55 12
12 16 00 AE 00 C0 01 03 01 07 10 DB DE 00 82 98 3A 00 00 02 10 00 81 D7 BA B5 68 12
12 21 00 53 01 C0 01 02 2A 02 10 00 81 02 10 01 21 02 10 0D 25 02 10 02 22 02 10 05 81 02 10 06 81 90 98 9F BF 12
12 16 00 AE 00 C0 01 03 01 07 10 DB DE 00 82 98 3A 00 00 02 10 00 81 D7 BA B5 68 12
12 21 00 53 01 C0 01 02 31 02 10 00 81 02 10 01 21 02 10 0D 25 02 10 02 22 02 10 05 81 02 10 06 81 8F A6 B1 AB 12
12 16 00 AE 00 C0 01 03 01 07 10 DB DE 00 82 98 3A 00 00 02 10 00 81 D7 BA B5 68 12
12 21 00 53 01 C0 01 02 38 02 10 00 81 02 10 01 21 02 10 0D 25 02 10 02 22 02 10 05 81 02 10 06 81 7A B3 AB A7 12
12 15 00 19 01 C0 01 02 3B 02 10 0B 25 02 10 0C 25 02 10 14 81 DC 16 C5 F8 12
12 16 00 AE 00 C0 01 03 01 07 10 DB DE 00 82 98 3A 00 00 02 10 00 81 D7 BA B5 68 12
12 21 00 53 01 C0 01 02 40 02 10 00 81 02 10 01 21 02 10 0D 25 02 10 02 22 02 10 05 81 02 10 06 81 A2 6E 9B EA 12
12 13 00 B6 01 C0 01 02 43 06 03 00 16 16 82 00 00 00 00 F4 35 21 92 12
12 16 00 AE 00 C0 01 03 01 07 10 DB DE 00 82 98 3A 00 00 02 10 00 81 D7 BA B5 68 12
12 21 00 53 01 C0 01 02 48 02 10 00 81 02 10 01 21 02 10 0D 25 02 10 02 22 02 10 05 81 02 10 06 81 4A 86 34 E7 12
12 16 00 AE 00 C0 01 03 01 07 10 DB DE 00 82 98 3A 00 00 02 10 00 81 D7 BA B5 68 12
12 21 00 53 01 C0 01 02 4F 02 10 00 81 02 10 01 21 02 10 0D 25 02 10 02 22 02 10 05 81 02 10 06 81 19 75 3D E3 12
12 16 00 AE 00 C0 01 03 01 07 10 DB DE 00 82 98 3A 00 00 02 10 00 81 D7 BA B5 68 12
12 21 00 53 01 C0 01 02 56 02 10 00 81 02 10 01 21 02 10 0D 25 02 10 02 22 02 10 05 81 02 10 06 81 3C B1 78 F4 12
12 15 00 19 01 C0 01 02 59 02 10 0B 25 02 10 0C 25 02 10 14 81 38 BE 24 46 12
12 16 00 AE 00 C0 01 03 01 07 10 DB DE 00 82 98 3A 00 00 02 10 00 81 D7 BA B5 68 12
12 21 00 53 01 C0 01 02 5E 02 10 00 81 02 10 01 21 02 10 0D 25 02 10 02 22 02 10 05 81 02 10 06 81 D4 59 D7 F9 12
12 13 00 B6 01 C0 01 02 61 06 03 00 16 16 82 00 00 00 00 93 70 2B 66 12
12 16 00 AE 00 C0 01 03 01 07 10 DB DE 00 82 98 3A 00 00 02 10 00 81 D7 BA B5 68 12
12 21 00 53 01 C0 01 02 66 02 10 00 81 02 10 01 21 02 10 0D 25 02 10 02 22 02 10 05 81 02 10 06 81 4C C3 98 D9 12
12 16 00 AE 00 C0 01 03 01 07 10 DB DE 00 82 98 3A 00 00 02 10 00 81 D7 BA B5 68 12
12 21 00 53 01 C0 01 02 6D 02 10 00 81 02 10 01 21 02 10 0D 25 02 10 02 22 02 10 05 81 02 10 06 81 83 2C E9 D6 12